日期,开盘,最高,最低,收盘,成交量,成交额
2020-01-02,7.85544134,7.88225172,7.82863096,7.86884653,72808500,427014028.0
2020-01-03,7.86884653,8.02970881,7.85544134,7.97608805,119856782,712671271.0
2020-01-06,8.08332957,8.41845932,8.06992438,8.35143337,301646128,1859195864.0
2020-01-07,8.27100223,8.27100223,8.13695033,8.19057109,152681755,931508895.0
2020-01-08,8.39164894,8.4452697,8.24419185,8.35143337,215451333,1337592338.0
2020-01-09,8.09673476,8.15035552,8.043114,8.12354514,159983683,966146262.0
2020-01-10,8.09673476,8.09673476,7.98949324,8.02970881,92130621,551691385.0
2020-01-13,8.02970881,8.02970881,7.94927767,8.00289843,55118392,327829650.0
2020-01-14,7.97608805,8.01630362,7.96268286,7.97608805,44480419,265271834.0
2020-01-15,7.97608805,8.00289843,7.85544134,7.86884653,72014546,424495017.0
2020-01-16,7.88225172,7.89565691,7.78841539,7.81522577,57860992,337630232.0
2020-01-17,7.82863096,7.86884653,7.81522577,7.82863096,36667641,214376983.0
2020-01-20,7.84203615,7.85544134,7.78841539,7.84203615,53408389,311510573.0
2020-01-21,7.84203615,7.84203615,7.74819982,7.76160501,56028546,324824586.0
2020-01-22,7.72138944,7.73479463,7.65436349,7.69457906,66239738,379676573.0
2020-01-23,7.6409583,7.66776868,7.53371678,7.56052716,81444447,460859100.0
2020-02-03,6.89026766,7.09134551,6.80983652,6.87686247,227093729,1167352624.0
2020-02-04,6.79643133,6.95729361,6.78302614,6.93048323,106459420,547645930.0
2020-02-05,6.93048323,7.06453513,6.87686247,6.98410399,102318674,532964335.0
2020-02-06,7.03772475,7.09134551,6.98410399,7.06453513,86647363,455310305.0
2020-02-07,7.02431956,7.07794032,6.98410399,7.07794032,61128263,319828128.0
2020-02-10,7.02431956,7.09134551,6.99750918,7.07794032,56130919,295251828.0
2020-02-11,7.06453513,7.15837146,7.05112994,7.1047507,71171722,377281439.0
2020-02-12,7.09134551,7.13156108,7.07794032,7.11815589,54500038,288657741.0
2020-02-13,7.14496627,7.17177665,7.07794032,7.07794032,53568587,284224188.0
2020-02-14,7.05112994,7.1047507,7.03772475,7.07794032,47917020,252872541.0
2020-02-17,7.09134551,7.21199222,7.06453513,7.21199222,84392095,450155266.0
2020-02-18,7.21199222,7.21199222,7.14496627,7.17177665,74201915,396980717.0
2020-02-19,7.17177665,7.18518184,7.13156108,7.14496627,74189083,395688944.0
2020-02-20,7.17177665,7.21199222,7.13156108,7.21199222,105637160,564952420.0
2020-02-21,7.17177665,7.21199222,7.15837146,7.19858703,113816298,609926963.0
2020-02-24,7.15837146,7.15837146,7.06453513,7.07794032,138156164,731039952.0
2020-02-25,6.9706988,6.99750918,6.90367285,6.95729361,150412876,779444089.0
2020-02-26,6.90367285,7.02431956,6.86345728,6.99750918,160220097,833178213.0
2020-02-27,6.9706988,6.98410399,6.91707804,6.93048323,136252257,705610730.0
2020-02-28,6.85005209,6.89026766,6.78302614,6.79643133,209149489,1064602676.0
2020-03-02,6.85005209,6.94388842,6.8366469,6.93048323,139114686,716386394.0
2020-03-03,7.01091437,7.02431956,6.93048323,6.95729361,125035559,650013359.0
2020-03-04,6.94388842,6.95729361,6.90367285,6.94388842,89700352,463382133.0
2020-03-05,6.9706988,7.03772475,6.94388842,7.03772475,153980518,803908182.0
2020-03-06,6.9706988,6.99750918,6.93048323,6.9706988,109633592,569531778.0
2020-03-09,6.78302614,7.02431956,6.72940538,6.90367285,226621865,1158158211.0
2020-03-10,6.8366469,6.91707804,6.78302614,6.90367285,135358732,691745637.0
2020-03-11,6.90367285,6.93048323,6.85005209,6.86345728,85888083,441412574.0
2020-03-12,6.80983652,6.85005209,6.78302614,6.79643133,94317442,478813020.0
2020-03-13,6.702595,6.80983652,6.59535348,6.75621576,134749475,672317405.0
2020-03-16,6.76962095,6.87686247,6.72940538,6.74281057,117961612,598050173.0
2020-03-17,6.71600019,6.78302614,6.63556905,6.71600019,95482098,476788845.0
2020-03-18,6.71600019,6.74281057,6.63556905,6.63556905,86839957,433599986.0
2020-03-19,6.62216386,6.64897424,6.50151715,6.54173272,130684222,640038705.0
2020-03-20,6.59535348,6.62216386,6.52832753,6.58194829,103204371,505579453.0
2020-03-23,6.48811196,6.50151715,6.4344912,6.44789639,106705582,514036501.0
2020-03-24,6.48811196,6.52832753,6.4344912,6.48811196,105155949,508054052.0
2020-03-25,6.52832753,6.55513791,6.48811196,6.51492234,151650210,736600655.0
2020-03-26,6.50151715,6.50151715,6.40768082,6.42108601,155892679,749711077.0
2020-03-27,6.4344912,6.44789639,6.34065487,6.35406006,209053431,994193940.0
2020-03-30,6.28703411,6.28703411,6.17979259,6.19319778,146020918,676286264.0
2020-03-31,6.22000816,6.23341335,6.1663874,6.19319778,183554957,847471212.0
2020-04-01,6.17979259,6.19319778,6.08595626,6.09936145,186412968,852263979.0
2020-04-02,6.05914588,6.35406006,6.01893031,6.31384449,412537472,1904937548.0
2020-04-03,6.34065487,6.34065487,6.17979259,6.20660297,279856000,1305158248.0
2020-04-07,6.27362892,6.3004393,6.23341335,6.26022373,249824945,1166377663.0
2020-04-08,6.22000816,6.24681854,6.17979259,6.22000816,193838632,898071054.0
2020-04-09,6.26022373,6.27362892,6.20660297,6.23341335,132237118,614778722.0
2020-04-10,6.23341335,6.23341335,6.13957702,6.1663874,164753045,759242618.0
2020-04-13,6.19319778,6.22000816,6.13957702,6.13957702,113647632,523325758.0
2020-04-14,6.15298221,6.1663874,6.11276664,6.15298221,128355795,587443923.0
2020-04-15,6.12617183,6.12617183,6.09936145,6.09936145,112297162,512079194.0
2020-04-16,6.07255107,6.08595626,6.04574069,6.07255107,116651794,528045717.0
2020-04-17,6.08595626,6.13957702,6.08595626,6.09936145,124297105,566497469.0
2020-04-20,6.07255107,6.12617183,6.04574069,6.09936145,102497802,465492414.0
2020-04-21,6.05914588,6.07255107,6.0323355,6.04574069,109960957,496455835.0
2020-04-22,5.99211993,5.99211993,5.93849917,5.97871474,136997191,609949468.0
2020-04-23,6.00552512,6.15298221,5.99211993,6.09936145,185032553,840846860.0
2020-04-24,6.09936145,6.11276664,6.00552512,6.00552512,106711101,481471383.0
2020-04-27,5.99211993,6.0323355,5.96530955,5.96530955,75706314,338545181.0
2020-04-28,5.95190436,5.96530955,5.80444727,5.84466284,128594575,563227949.0
2020-04-29,5.85806803,5.91168879,5.85806803,5.87147322,60415182,265211726.0
2020-04-30,5.87147322,5.97871474,5.85806803,5.95190436,85973295,380815016.0
2020-05-06,5.95190436,6.01893031,5.92509398,5.99211993,88177097,393435663.0
2020-05-07,5.99211993,6.00552512,5.95190436,5.96530955,61056105,272009347.0
2020-05-08,5.99211993,6.00552512,5.97871474,5.99211993,55870408,249644424.0
2020-05-11,6.00552512,6.01893031,5.97871474,5.99211993,55730677,249246081.0
2020-05-12,5.99211993,5.99211993,5.92509398,5.93849917,52202891,231767535.0
2020-05-13,5.93849917,5.93849917,5.8982836,5.93849917,44111721,194804140.0
2020-05-14,5.92509398,5.92509398,5.8982836,5.8982836,43927251,193437307.0
2020-05-15,5.92509398,5.93849917,5.91168879,5.92509398,41088010,181603761.0
2020-05-18,5.96530955,5.97871474,5.93849917,5.95190436,61974604,275266869.0
2020-05-19,6.00552512,6.04574069,5.97871474,5.97871474,89322364,400332924.0
2020-05-20,5.97871474,5.97871474,5.92509398,5.93849917,59975700,266014278.0
2020-05-21,5.96530955,5.99211993,5.92509398,5.96530955,76749769,340611459.0
2020-05-22,5.95190436,5.95190436,5.84466284,5.85806803,93991808,412772209.0
2020-05-25,5.85806803,5.85806803,5.80444727,5.81785246,61514353,267082669.0
2020-05-26,5.81785246,5.84466284,5.80444727,5.83125765,64205918,278758637.0
2020-05-27,5.83125765,5.83125765,5.7642317,5.77763689,69391811,299635240.0
2020-05-28,5.7642317,5.80444727,5.73742132,5.75082651,88980863,382362636.0
2020-05-29,5.73742132,5.75082651,5.65699018,5.69720575,139815262,594239007.0
2020-06-01,5.71061094,5.7642317,5.69720575,5.75082651,93876816,401813611.0
2020-06-02,5.75082651,5.77763689,5.73742132,5.77763689,67477346,290071220.0
2020-06-03,5.80444727,5.85806803,5.79104208,5.81785246,75972862,330470821.0
2020-06-04,5.81785246,5.83125765,5.7642317,5.79104208,57364217,247462376.0
2020-06-05,5.77763689,5.79104208,5.73742132,5.7642317,51673183,221838519.0
2020-06-08,5.83125765,5.84466284,5.80444727,5.81785246,80871474,351105168.0
2020-06-09,5.83125765,5.83125765,5.80444727,5.83125765,59692860,259045256.0
2020-06-10,5.81785246,5.83125765,5.77763689,5.79104208,50783402,219627592.0
2020-06-11,5.77763689,5.79104208,5.72401613,5.73742132,62477333,268287299.0
2020-06-12,5.67039537,5.72401613,5.65699018,5.71061094,81579721,346374121.0
2020-06-15,5.68380056,5.69720575,5.65699018,5.67039537,55518983,235140576.0
2020-06-16,5.69720575,5.73742132,5.67039537,5.72401613,62021404,263491702.0
2020-06-17,5.69720575,5.71061094,5.67039537,5.69720575,52009560,220893540.0
2020-06-18,5.68380056,5.79104208,5.67039537,5.75082651,79832736,341813040.0
2020-06-19,5.72401613,5.77763689,5.69720575,5.7642317,79035747,338442686.0
2020-06-22,5.7642317,5.77763689,5.72401613,5.72401613,60774765,260633820.0
2020-06-23,5.73742132,5.73742132,5.69720575,5.71061094,53115905,226543582.0
2020-06-24,5.71061094,5.72401613,5.69720575,5.71061094,52723594,224645378.0
2020-06-29,5.71061094,5.72401613,5.67039537,5.68380056,54861604,232907011.0
2020-06-30,5.7246924,5.7246924,5.69743196,5.71106218,47947188,200938795.0
2020-07-01,5.71106218,5.80647372,5.69743196,5.7928435,86165989,363009046.0
2020-07-02,5.77921328,5.90188526,5.76558306,5.88825504,153857647,659477227.0
2020-07-03,5.90188526,6.0654479,5.88825504,6.02455724,222616461,977995754.0
2020-07-06,6.05181768,6.46072428,6.05181768,6.43346384,443275184,2033077360.0
2020-07-07,6.50161494,6.65154736,6.35168252,6.4062034,397893344,1886736423.0
2020-07-08,6.36531274,6.39257318,6.24264076,6.36531274,270532624,1255098821.0
2020-07-09,6.37894296,6.50161494,6.31079186,6.46072428,261168874,1224970983.0
2020-07-10,6.4062034,6.4062034,6.25627098,6.2699012,202448610,939764875.0
2020-07-13,6.25627098,6.35168252,6.22901054,6.31079186,173551732,801412954.0
2020-07-14,6.29716164,6.29716164,6.16085944,6.21538032,176757915,808282988.0
2020-07-15,6.24264076,6.2699012,6.10633856,6.11996878,150545694,681615895.0
2020-07-16,6.133599,6.16085944,5.9972968,6.01092702,174747849,778710532.0
2020-07-17,5.9972968,6.03818746,5.94277592,5.98366658,114824684,504085395.0
2020-07-20,5.9972968,6.133599,5.97003636,6.11996878,130034110,578626512.0
2020-07-21,6.133599,6.16085944,6.0654479,6.09270834,84861965,379497814.86
2020-07-22,6.133599,6.3380523,6.133599,6.28353142,283144144,1303041599.85
2020-07-23,6.24264076,6.2699012,6.10633856,6.18811988,177301977,803923544.82
2020-07-24,6.29716164,6.35168252,6.11996878,6.133599,216125883,988549030.46
2020-07-27,6.14722922,6.17448966,6.02455724,6.07907812,104263759,465300416.95
2020-07-28,6.09270834,6.14722922,6.07907812,6.09270834,79414097,356134553.3
2020-07-29,6.0654479,6.14722922,6.02455724,6.133599,90811197,405241069.46
2020-07-30,6.133599,6.14722922,6.0654479,6.07907812,69025380,308697742.19
2020-07-31,6.05181768,6.14722922,6.02455724,6.0654479,99610118,443949977.43
2020-08-03,6.0654479,6.133599,6.03818746,6.10633856,124056138,553528906.89
2020-08-04,6.11996878,6.2017501,6.07907812,6.17448966,138654129,624202085.57
2020-08-05,6.17448966,6.17448966,6.07907812,6.133599,107714697,484087011.86
2020-08-06,6.17448966,6.2017501,6.11996878,6.17448966,141514626,639520816.21
2020-08-07,6.133599,6.14722922,6.05181768,6.0654479,115958049,518026043.46
2020-08-10,6.0654479,6.10633856,6.03818746,6.09270834,79108815,352778309.69
2020-08-11,6.11996878,6.133599,6.05181768,6.0654479,92287648,413343304.22
2020-08-12,6.03818746,6.09270834,6.01092702,6.07907812,98193925,436188492.72
2020-08-13,6.07907812,6.133599,6.0654479,6.09270834,72893696,326345195.13
2020-08-14,6.09270834,6.11996878,6.05181768,6.10633856,63621909,283906242.24
2020-08-17,6.09270834,6.2017501,6.09270834,6.18811988,158287650,715400884.08
2020-08-18,6.18811988,6.2017501,6.14722922,6.17448966,93325518,422979696.04
2020-08-19,6.17448966,6.21538032,6.133599,6.16085944,97898016,443528198.48
2020-08-20,6.16085944,6.16085944,6.0654479,6.07907812,101289920,453711212.06
2020-08-21,6.09270834,6.10633856,6.0654479,6.07907812,57202289,255417720.89
2020-08-24,6.10633856,6.10633856,6.0654479,6.07907812,60808981,271358772.64
2020-08-25,6.09270834,6.09270834,6.03818746,6.0654479,55872314,248596402.67
2020-08-26,6.0654479,6.07907812,6.02455724,6.03818746,65748886,291875818.75
2020-08-27,6.02455724,6.05181768,6.01092702,6.03818746,47470328,210154094.16
2020-08-28,6.01092702,6.0654479,5.9972968,6.0654479,79414758,351063283.25
2020-08-31,6.05181768,6.07907812,6.02455724,6.03818746,63957297,284304985.09
2020-09-01,6.02455724,6.03818746,5.98366658,6.01092702,71032894,312822063.6
2020-09-02,5.9972968,5.9972968,5.91551548,5.9291457,107928308,470682929.5
2020-09-03,5.91551548,5.95640614,5.87462482,5.87462482,84640042,366929525.23
2020-09-04,5.84736438,5.87462482,5.82010394,5.87462482,72138413,309760678.77
2020-09-07,5.8609946,5.88825504,5.83373416,5.83373416,62805500,269923872.69
2020-09-08,5.84736438,5.87462482,5.83373416,5.87462482,68232926,293003479.96
2020-09-09,5.83373416,5.8609946,5.80647372,5.83373416,75194851,322182117.81
2020-09-10,5.8609946,5.8609946,5.76558306,5.77921328,80951505,345039497.0
2020-09-11,5.76558306,5.80647372,5.73832262,5.77921328,57173409,241936072.09
2020-09-14,5.7928435,5.82010394,5.77921328,5.80647372,38679581,164565186.25
2020-09-15,5.80647372,5.82010394,5.76558306,5.77921328,43619502,185322839.13
2020-09-16,5.7928435,5.84736438,5.77921328,5.7928435,70086386,298688608.5
2020-09-17,5.80647372,5.83373416,5.75195284,5.76558306,82148861,349003032.82
2020-09-18,5.7928435,5.83373416,5.76558306,5.82010394,90199282,383406758.09
2020-09-21,5.83373416,5.83373416,5.7928435,5.7928435,62860331,268049861.64
2020-09-22,5.7928416,5.8206918,5.7510663,5.7649914,80997216,336639396.58
2020-09-23,5.7649914,5.7789165,5.7232161,5.7232161,51865100,213956110.37
2020-09-24,5.709291,5.7232161,5.6675157,5.709291,65893121,269260930.72
2020-09-25,5.709291,5.7232161,5.6814408,5.6953659,35983562,147172405.1
2020-09-28,5.6953659,5.7510663,5.6953659,5.709291,43686826,179352723.87
2020-09-29,5.7232161,5.7232161,5.6953659,5.6953659,37578762,154065253.63
2020-09-30,5.6953659,5.7371412,5.6675157,5.7232161,61408409,251664118.74
2020-10-09,5.7371412,5.7649914,5.7371412,5.7510663,54100576,223498385.47
2020-10-12,5.7510663,5.8346169,5.7371412,5.8206918,93048731,386727197.38
2020-10-13,5.8067667,5.8067667,5.7649914,5.7789165,43817109,181802773.46
2020-10-14,5.7649914,5.7789165,5.709291,5.7232161,65172620,268204516.87
2020-10-15,5.709291,5.7371412,5.6953659,5.7232161,50961732,209334927.52
2020-10-16,5.7232161,5.7510663,5.709291,5.7232161,47526356,195560638.71
2020-10-19,5.7232161,5.7789165,5.709291,5.7232161,74216150,305774817.04
2020-10-20,5.709291,5.709291,5.6814408,5.709291,38608445,157965482.96
2020-10-21,5.709291,5.7232161,5.6814408,5.7232161,50575344,207199091.36
2020-10-22,5.709291,5.7232161,5.6814408,5.709291,35413200,145000939.99
2020-10-23,5.709291,5.7789165,5.709291,5.7371412,81067392,334514230.15
2020-10-26,5.7232161,5.7371412,5.6953659,5.7232161,57819936,237118776.26
2020-10-27,5.6953659,5.709291,5.6814408,5.709291,47797393,195633837.36
2020-10-28,5.6953659,5.709291,5.6675157,5.6953659,52160005,212998544.19
2020-10-29,5.6675157,5.6675157,5.6257404,5.6396655,63573298,258052697.0
2020-10-30,5.6814408,5.7232161,5.6535906,5.6675157,95492446,390580100.82
2020-11-02,5.6535906,5.6814408,5.6257404,5.6535906,64819536,262825237.41
2020-11-03,5.6675157,5.7649914,5.6535906,5.7371412,95688649,392542719.03
2020-11-04,5.7371412,5.7510663,5.6953659,5.7232161,58295954,239444170.41
2020-11-05,5.7371412,5.7649914,5.709291,5.7371412,77021348,317069849.67
2020-11-06,5.7371412,5.7789165,5.709291,5.7510663,101192107,418175107.19
2020-11-09,5.7789165,5.8346169,5.7649914,5.8206918,127064599,529775606.92
2020-11-10,5.8903173,5.9599428,5.8346169,5.848542,182402909,773523866.64
2020-11-11,5.848542,5.9460177,5.848542,5.9460177,142254503,604470748.78
2020-11-12,5.9320926,5.9460177,5.8763922,5.8763922,76485691,323769511.4
2020-11-13,5.8624671,5.8763922,5.7928416,5.8206918,78219909,326508968.44
2020-11-16,5.8346169,5.9181675,5.8067667,5.9181675,99182712,419208290.36
2020-11-17,5.9320926,6.0156432,5.9042424,5.9599428,121867196,521329416.6
2020-11-18,5.9320926,5.9738679,5.9042424,5.9320926,91598550,390391324.54
2020-11-19,5.9181675,5.9320926,5.8763922,5.9042424,72451736,307084206.43
2020-11-20,5.8903173,5.9042424,5.848542,5.9042424,75679042,319478348.7
2020-11-23,5.9042424,6.0434934,5.8903173,6.0017181,196908319,845945208.68
2020-11-24,6.0017181,6.0434934,5.9599428,6.0295683,122229169,526655837.01
2020-11-25,6.0991938,6.1827444,6.0017181,6.0017181,222786687,976343586.83
2020-11-26,6.0017181,6.0434934,5.9599428,5.9738679,105128053,452717113.39
2020-11-27,5.9738679,6.0017181,5.9181675,5.987793,125167949,534496655.29
2020-11-30,6.0017181,6.0852687,5.9460177,6.0017181,190298550,823167614.99
2020-12-01,5.9599428,6.0156432,5.9181675,5.987793,103898018,445092018.64
2020-12-02,5.9738679,6.0295683,5.9460177,5.987793,85786652,369154463.95
2020-12-03,6.0017181,6.0295683,5.9599428,5.987793,76602424,329827580.71
2020-12-04,5.987793,6.0017181,5.9320926,5.9738679,81127889,347175778.39
2020-12-07,5.9738679,5.9738679,5.8903173,5.9042424,84910509,361182047.93
2020-12-08,5.9042424,5.9320926,5.848542,5.8624671,60007714,253462733.8
2020-12-09,5.8624671,5.8903173,5.8206918,5.8206918,60396677,254149338.06
2020-12-10,5.8206918,5.8624671,5.8206918,5.8346169,62846049,263505065.37
2020-12-11,5.8763922,5.9042424,5.8346169,5.8763922,90635718,381705909.6
2020-12-14,5.848542,5.9042424,5.8067667,5.8346169,64564180,270657746.09
2020-12-15,5.8206918,5.8346169,5.7510663,5.7789165,68078348,282327032.25
2020-12-16,5.7789165,5.8067667,5.7649914,5.7789165,43062070,178973963.83
2020-12-17,5.7928416,5.8763922,5.7649914,5.8763922,77813308,325455764.27
2020-12-18,5.8624671,5.9599428,5.848542,5.9320926,98544928,419055569.91
2020-12-21,5.9320926,5.9599428,5.9042424,5.9181675,73250859,311918918.74
2020-12-22,5.8903173,5.9042424,5.7510663,5.7649914,100900143,421929492.94
2020-12-23,5.7649914,5.7928416,5.7510663,5.7649914,65782985,272628921.15
2020-12-24,5.7928416,5.8067667,5.7510663,5.7928416,54134886,224619314.72
2020-12-25,5.7789165,5.8206918,5.7649914,5.8067667,42183070,175443183.16
2020-12-28,5.8067667,5.8206918,5.7371412,5.7649914,75957196,315104361.76
2020-12-29,5.7649914,5.7928416,5.709291,5.7510663,75961009,313543582.59
2020-12-30,5.7371412,5.7649914,5.7232161,5.7510663,50012566,206322493.68
2020-12-31,5.7510663,5.7928416,5.7371412,5.7789165,61264087,254098060.45
2021-01-04,5.7789165,5.848542,5.7649914,5.8346169,96907113,403962846.32
2021-01-05,5.8067667,5.8206918,5.7510663,5.8206918,81851611,340130522.34
2021-01-06,5.848542,5.9320926,5.848542,5.9181675,138665156,587466028.15
2021-01-07,5.9181675,5.9181675,5.8346169,5.9181675,113085133,478465594.54
2021-01-08,5.9181675,5.987793,5.9042424,5.9738679,152421290,653176211.37
2021-01-11,5.9738679,5.987793,5.8624671,5.8763922,119641410,508870833.68
2021-01-12,5.8624671,6.0017181,5.848542,6.0017181,143888797,613851830.42
2021-01-13,6.0017181,6.127044,5.9738679,6.0713436,185290946,805044705.91
2021-01-14,6.0295683,6.1131189,6.0017181,6.0295683,128560607,558369783.89
2021-01-15,6.0574185,6.0852687,5.9460177,5.9599428,146794503,632946484.18
2021-01-18,5.9181675,5.9599428,5.9042424,5.9181675,90718352,386260371.45
2021-01-19,5.9181675,5.9738679,5.9042424,5.9320926,74803843,318870331.04
2021-01-20,5.9460177,6.0017181,5.8903173,5.9460177,81031637,345732678.7
2021-01-21,5.9181675,5.9599428,5.9042424,5.9181675,71767521,305833117.18
2021-01-22,5.9181675,5.9320926,5.8206918,5.8206918,98588245,414158608.67
2021-01-25,5.8206918,5.8206918,5.7510663,5.7789165,79340697,329259583.15
2021-01-26,5.7649914,5.8206918,5.7510663,5.7928416,60511883,251736166.53
2021-01-27,5.7928416,5.8206918,5.7649914,5.7789165,72089555,299821188.56
2021-01-28,5.7649914,5.7789165,5.7232161,5.7510663,80810465,333092692.04
2021-01-29,5.7510663,5.7510663,5.6814408,5.6953659,85750155,351731402.88
2021-02-01,5.6953659,5.709291,5.6535906,5.6814408,77991811,317569360.62
2021-02-02,5.6953659,5.7371412,5.6814408,5.6953659,63664326,260867506.66
2021-02-03,5.7232161,5.7371412,5.6814408,5.6953659,54129961,221481936.28
2021-02-04,5.7232161,5.7232161,5.6396655,5.6953659,81347240,331741542.39
2021-02-05,5.709291,5.7232161,5.6675157,5.6953659,60496214,247240991.91
2021-02-08,5.709291,5.7371412,5.6814408,5.7371412,70048415,287662927.5
2021-02-09,5.7371412,5.8346169,5.7232161,5.8067667,100174773,416136227.46
2021-02-10,5.7928416,5.8763922,5.7789165,5.848542,89065007,373293792.73
2021-02-18,6.1688193,6.2384448,6.0574185,6.0991938,453701360,2006809609.37
2021-02-19,6.0434934,6.0713436,5.9738679,6.0156432,209440542,905330108.82
2021-02-22,6.0434934,6.3080703,6.0295683,6.1966695,360095872,1599993290.6
2021-02-23,6.2802201,6.3219954,6.1966695,6.2384448,262327277,1178545177.95
2021-02-24,6.2384448,6.2384448,5.987793,6.0713436,221193140,972012394.31
2021-02-25,6.1688193,6.266295,6.1409691,6.1688193,190364182,845552669.06
2021-02-26,6.0852687,6.1409691,6.0574185,6.0713436,129860843,568304970.2
2021-03-01,6.1131189,6.127044,6.0295683,6.0852687,112500173,490738679.76
2021-03-02,6.0434934,6.0574185,5.9320926,5.9460177,158120480,679085001.01
2021-03-03,5.9599428,6.0295683,5.9320926,6.0017181,103706925,445787367.09
2021-03-04,6.0156432,6.0852687,6.0017181,6.0295683,120797848,523389174.64
2021-03-05,6.1131189,6.1688193,6.0434934,6.1548942,212177099,932162550.18
2021-03-08,6.3080703,6.3776958,6.2523699,6.2802201,317476848,1442799229.7
2021-03-09,6.2384448,6.2941452,6.1409691,6.2245197,198175668,884804704.02
2021-03-10,6.2105946,6.2245197,6.1131189,6.1131189,116971016,518078260.14
2021-03-11,6.1548942,6.1966695,6.1131189,6.1827444,106602200,471419674.37
2021-03-12,6.2105946,6.2384448,6.1409691,6.1966695,108147674,480526340.36
2021-03-15,6.1688193,6.2941452,6.1688193,6.2802201,143431847,644391276.07
2021-03-16,6.2523699,6.266295,6.1827444,6.2245197,92965905,414855663.67
2021-03-17,6.1966695,6.1966695,6.1131189,6.1827444,92878001,410329613.02
2021-03-18,6.1688193,6.1827444,6.1409691,6.1409691,77613380,343180295.59
2021-03-19,6.0156432,6.0713436,5.987793,6.0156432,146109801,632201307.01
2021-03-22,6.0017181,6.0713436,5.987793,6.0713436,75187588,325738439.04
2021-03-23,6.0574185,6.0574185,6.0017181,6.0156432,63729753,275666312.43
2021-03-24,5.9738679,5.987793,5.9320926,5.9460177,88091142,376815451.92
2021-03-25,5.987793,6.0156432,5.9599428,5.9599428,65311351,280798104.0
2021-03-26,5.9738679,6.0017181,5.9460177,5.9738679,59173993,253819520.34
2021-03-29,6.0017181,6.0434934,5.9738679,5.987793,85542117,368839588.03
2021-03-30,6.0017181,6.0156432,5.9738679,5.987793,69064287,296944195.63
2021-03-31,5.9738679,6.0017181,5.9460177,5.987793,73192943,313973043.46
2021-04-01,5.987793,5.987793,5.9460177,5.9599428,60253780,257730962.1
2021-04-02,5.987793,5.987793,5.9460177,5.9599428,65511675,280812102.73
2021-04-06,5.9460177,5.9599428,5.9042424,5.9181675,63693232,270872565.02
2021-04-07,5.9042424,5.9599428,5.9042424,5.9460177,69200985,294963300.16
2021-04-08,5.9320926,5.9599428,5.9181675,5.9320926,61459554,261998720.06
2021-04-09,5.9181675,5.9738679,5.9181675,5.9460177,70902434,302752477.8
2021-04-12,5.9460177,5.987793,5.9320926,5.9599428,71342216,305391370.62
2021-04-13,5.9599428,5.9738679,5.8903173,5.9181675,72718016,309045958.1
2021-04-14,5.9181675,5.9320926,5.8903173,5.9181675,47314417,200902280.05
2021-04-15,5.9460177,5.9460177,5.9181675,5.9460177,61020370,259925274.6
2021-04-16,5.9460177,6.0156432,5.9320926,6.0017181,84298740,362021098.07
2021-04-19,6.0017181,6.0017181,5.9599428,5.9738679,92841650,398259559.53
2021-04-20,5.9599428,5.9738679,5.9320926,5.9460177,55123941,235633275.66
2021-04-21,5.9320926,5.9460177,5.8903173,5.8903173,81596140,346116024.2
2021-04-22,5.9042424,5.9042424,5.7789165,5.8067667,162949740,683413693.39
2021-04-23,5.8067667,5.8206918,5.7789165,5.8067667,56813040,236286720.0
2021-04-26,5.8067667,5.8346169,5.7928416,5.8067667,55434274,231327215.28
2021-04-27,5.8067667,5.8067667,5.7371412,5.7649914,59998330,248355940.38
2021-04-28,5.7649914,5.8067667,5.7510663,5.8067667,45653797,189551672.41
2021-04-29,5.8206918,5.8624671,5.8067667,5.848542,69819050,292917281.04
2021-04-30,5.9181675,5.9460177,5.8763922,5.9181675,138481387,587688325.86
2021-05-06,5.9599428,6.1409691,5.9460177,6.0991938,270055040,1177531235.82
2021-05-07,6.0991938,6.1966695,6.0713436,6.1827444,245375358,1084078033.03
2021-05-10,6.2245197,6.3916209,6.2245197,6.3776958,321335776,1456396248.25
2021-05-11,6.3359205,6.3637707,6.266295,6.3498456,221170045,1003396563.18
2021-05-12,6.3498456,6.5308719,6.3359205,6.5308719,246311948,1147197518.34
2021-05-13,6.5308719,6.5587221,6.4333962,6.5308719,205380543,958194815.92
2021-05-14,6.4612464,6.5169468,6.3776958,6.4751715,203216228,939816646.64
2021-05-17,6.5169468,6.5865723,6.4612464,6.4890966,157231873,735955102.76
2021-05-18,6.5587221,6.8093739,6.5308719,6.7815237,286449856,1377350366.45
2021-05-19,6.7536735,6.7536735,6.6283476,6.684048,146280199,701558569.0
2021-05-20,6.5587221,6.5587221,6.4194711,6.4890966,180200326,838893618.48
2021-05-21,6.4333962,6.544797,6.4194711,6.5308719,130572029,610412857.98
2021-05-24,6.5587221,6.5865723,6.405546,6.4333962,136556725,633676190.01
2021-05-25,6.5030217,6.6004974,6.4890966,6.5726472,166266122,781691198.34
2021-05-26,6.5587221,6.5587221,6.4890966,6.5169468,99747776,467104275.5
2021-05-27,6.5030217,6.544797,6.4612464,6.4612464,104585905,487134459.32
2021-05-28,6.5030217,6.5587221,6.4751715,6.5030217,78185313,365405470.47
2021-05-31,6.4890966,6.4890966,6.405546,6.4333962,88406417,408384442.23
2021-06-01,6.4473213,6.5726472,6.4194711,6.5587221,128459929,598514078.85
2021-06-02,6.5865723,6.6422727,6.5169468,6.5587221,132293892,624362288.07
2021-06-03,6.6283476,6.7118982,6.6004974,6.6144225,132868875,635187996.27
2021-06-04,6.5587221,6.5865723,6.4751715,6.5308719,111174350,520526631.18
2021-06-07,6.5865723,6.6283476,6.5726472,6.6144225,106802570,506364913.8
2021-06-08,6.5865723,6.6144225,6.544797,6.5726472,80919951,381952759.44
2021-06-09,6.6283476,6.823299,6.6144225,6.8093739,228646166,1108292376.53
2021-06-10,6.7536735,6.8789994,6.7397484,6.8372241,146494571,717599230.3
2021-06-11,6.8650743,7.3942281,6.8511492,7.2271269,439871264,2260760703.14
2021-06-15,7.2549771,7.4499285,7.1714265,7.2828273,329884752,1728374392.62
2021-06-16,7.4220783,7.5613293,7.2549771,7.3942281,327243840,1744749369.75
2021-06-17,7.3106775,7.3106775,7.101801,7.2828273,282219312,1465022882.3
2021-06-18,7.1714265,7.2549771,7.0878759,7.1714265,196681969,1011534019.8
2021-06-21,7.241052,7.2689022,7.0461006,7.1157261,186233261,957016789.52
2021-06-22,7.241052,7.5891795,7.2271269,7.4917038,301101536,1608917197.27
2021-06-23,7.4917038,7.5474042,7.3663779,7.4917038,179770310,962719687.12
2021-06-24,7.4917038,7.5474042,7.4081532,7.5056289,132352359,710331108.57
2021-06-25,7.519554,7.7284305,7.4360034,7.5334791,217172960,1180095239.26
2021-06-28,7.6309548,7.6866552,7.4499285,7.4499285,160496395,867318775.88
2021-06-29,7.39327914,7.52074947,7.2233187,7.42160588,166082569,866051018.3
2021-06-30,7.43576925,7.52074947,7.3649524,7.49242273,104135616,546913891.15
2021-07-01,7.52074947,7.53491284,7.32246229,7.42160588,131834225,692114094.15
2021-07-02,7.57740295,7.70487328,7.37911577,7.40744251,228263366,1211280203.7
2021-07-05,7.37911577,7.42160588,7.19499196,7.35078903,168500655,868896544.22
2021-07-06,7.42160588,7.46409599,7.37911577,7.43576925,108448875,568334154.31
2021-07-07,7.23748207,7.30829892,7.16666522,7.25164544,176769971,903264204.72
2021-07-08,7.15250185,7.20915533,6.99670478,7.06752163,201439206,1009462442.93
2021-07-09,7.11001174,7.15250185,6.99670478,7.06752163,140322842,698251837.45
2021-07-12,7.15250185,7.16666522,6.96837804,6.98254141,151192147,753096063.27
2021-07-13,6.98254141,7.081685,6.91172456,7.01086815,130243825,642536856.16
2021-07-14,7.01086815,7.02503152,6.88339782,6.91172456,132631065,649847162.05
2021-07-15,6.7984176,6.9400513,6.74176412,6.88339782,163533047,788464464.6
2021-07-16,6.82674434,6.88339782,6.7984176,6.82674434,109456278,528485695.7
2021-07-19,6.81258097,6.81258097,6.64262053,6.71343738,132306496,627354808.1
2021-07-20,6.58596705,6.67094727,6.48682346,6.6567839,189554043,878353031.19
2021-07-21,6.6567839,6.68511064,6.55764031,6.62845716,91956780,429424979.56
2021-07-22,6.72760075,6.85507108,6.68511064,6.71343738,168187865,803299566.2
2021-07-23,6.71343738,6.7984176,6.6567839,6.67094727,113808370,539374779.18
2021-07-26,6.67094727,6.68511064,6.5151502,6.55764031,140986148,654604782.1
2021-07-27,6.58596705,6.77009086,6.57180368,6.6567839,185250883,873168521.59
2021-07-28,6.58596705,6.69927401,6.48682346,6.58596705,156298096,726249915.55
2021-07-29,6.61429379,6.62845716,6.5151502,6.57180368,126760280,586599298.73
2021-07-30,6.57180368,6.69927401,6.5151502,6.62845716,120652888,563748253.18
2021-08-02,6.58596705,6.62845716,6.44433335,6.61429379,145445121,672397771.81
2021-08-03,6.5151502,6.55764031,6.47266009,6.48682346,128018000,588495803.58
2021-08-04,6.48682346,6.55764031,6.45849672,6.52931357,82971888,381465322.33
2021-08-05,6.47266009,6.5151502,6.44433335,6.45849672,99971248,456895566.8
2021-08-06,6.47266009,6.48682346,6.38767987,6.44433335,94095256,427064483.71
2021-08-09,6.38767987,6.47266009,6.3735165,6.43016998,80072142,363554510.12
2021-08-10,6.41600661,6.45849672,6.3735165,6.44433335,89859950,406666146.19
2021-08-11,6.47266009,6.57180368,6.47266009,6.52931357,143398923,660651455.6
2021-08-12,6.52931357,6.57180368,6.47266009,6.5151502,93787358,432269709.25
2021-08-13,6.5151502,6.52931357,6.43016998,6.44433335,95321927,436110660.31
2021-08-16,6.43016998,6.54347694,6.40184324,6.5151502,128490359,590009946.69
2021-08-17,6.50098683,6.54347694,6.38767987,6.41600661,141404592,644469367.19
2021-08-18,6.38767987,6.44433335,6.34518976,6.43016998,114550677,516395749.61
2021-08-19,6.3735165,6.38767987,6.27437291,6.28853628,141052508,629432571.68
2021-08-20,6.27437291,6.30269965,6.18939269,6.2318828,132496951,582751338.46
2021-08-23,6.21771943,6.31686302,6.21771943,6.27437291,100281056,444226408.88
2021-08-24,6.35935313,6.40184324,6.33102639,6.38767987,134590994,605311582.51
2021-08-25,6.43016998,6.52931357,6.3735165,6.52931357,136977460,623849148.13
2021-08-26,6.52931357,6.6567839,6.50098683,6.58596705,158848460,738955851.75
2021-08-27,6.61429379,6.69927401,6.58596705,6.69927401,164829467,774002542.24
2021-08-30,6.77009086,6.91172456,6.75592749,6.88339782,240349140,1159501186.97
2021-08-31,6.85507108,7.01086815,6.77009086,6.99670478,216671818,1056313801.19
2021-09-01,7.02503152,7.081685,6.89756119,6.98254141,177335823,874749967.13
2021-09-02,6.96837804,7.06752163,6.92588793,7.02503152,147180093,727690564.59
2021-09-03,7.11001174,7.19499196,7.09584837,7.15250185,180042394,908595050.05
2021-09-06,7.12417511,7.2233187,7.081685,7.09584837,133887827,673689559.23
2021-09-07,7.11001174,7.29413555,7.081685,7.26580881,204743489,1042099266.46
2021-09-08,7.2233187,7.40744251,7.19499196,7.30829892,143115301,736914147.71
2021-09-09,7.30829892,7.54907621,7.29413555,7.46409599,255254540,1342188797.86
2021-09-10,7.42160588,7.5065861,7.30829892,7.35078903,211373070,1102471881.84
2021-09-13,7.44993262,7.80401687,7.42160588,7.7898535,391445040,2116002013.78
2021-09-14,7.83234361,8.48385863,7.73320002,8.08728427,660045920,3766091328.05
2021-09-15,7.95981394,8.65381907,7.9314872,8.48385863,592728608,3515749152.85
2021-09-16,8.71047255,8.76712603,8.29973482,8.42720515,541831232,3263725748.39
2021-09-17,8.36928394,8.60095962,7.9638515,8.2534461,431724320,2471115037.81
2021-09-22,8.15208799,8.90503395,8.07968934,8.84711503,490501184,2884718062.14
2021-09-23,8.90503395,8.94847314,8.57200016,8.67335827,433737632,2613908670.85
2021-09-24,8.76023665,9.04983125,8.60095962,8.64439881,370097504,2248674025.08
2021-09-27,8.8326353,9.20910828,8.77471638,8.99191233,565182624,3500043156.98
2021-09-28,9.1222299,9.39734477,8.81815557,9.39734477,558838752,3530201595.01
2021-09-29,9.10775017,9.10775017,8.48512178,8.74575692,580119936,3537612511.98
2021-09-30,8.60095962,8.78919611,8.38376367,8.70231773,331622528,1970997786.14
2021-10-08,9.20910828,9.36838531,8.87607449,9.09327044,376290768,2371218867.02
2021-10-11,9.16566909,9.25254747,8.84711503,8.90503395,263885657,1634055374.25
2021-10-12,8.86159476,9.06431098,8.55752043,8.687838,300847616,1822498093.56
2021-10-13,8.5430407,8.58647989,8.02177042,8.32584475,383123760,2194026564.37
2021-10-14,8.31136502,8.3982434,8.19552718,8.2534461,193726194,1110525676.93
2021-10-15,8.32584475,8.687838,8.22448664,8.61543935,301990128,1766343321.71
2021-10-18,8.67335827,8.80367584,8.48512178,8.70231773,203643268,1219266185.76
2021-10-19,8.5430407,8.67335827,8.45616232,8.62991908,180080788,1067329539.01
2021-10-20,8.47064205,8.57200016,8.41272313,8.47064205,161208047,943179965.08
2021-10-21,8.55752043,8.65887854,8.47064205,8.51408124,154179771,911696082.57
2021-10-22,8.44168259,8.51408124,8.19552718,8.2534461,199879302,1147465479.56
2021-10-25,8.34032448,8.71679746,8.2534461,8.55752043,215676103,1271729149.57
2021-10-26,8.64439881,8.65887854,8.42720286,8.47064205,132676344,782663249.65
2021-10-27,8.42720286,8.5430407,8.31136502,8.41272313,148011878,859622835.74
2021-10-28,8.2534461,8.2534461,7.83353393,7.89145285,309001872,1696123896.02
2021-10-29,7.97833123,8.00729069,7.71769609,7.93489204,216514984,1174390871.9
2021-11-01,7.92041231,7.97833123,7.76113528,7.79009474,175052221,947709782.54
2021-11-02,7.86249339,7.87697312,7.47154068,7.63081771,208280649,1100757030.12
2021-11-03,7.51497987,7.61633798,7.42810149,7.50050014,165409306,858111094.71
2021-11-04,7.3846623,7.39914203,7.25434473,7.34122311,204028543,1031993754.88
2021-11-05,7.26882446,7.31226365,7.0950677,7.0950677,189981593,941446497.41
2021-11-08,7.16746635,7.28330419,7.10954743,7.13850689,154833469,768503892.36
2021-11-09,7.13850689,7.15298662,6.99370959,7.02266905,149191854,725611129.57
2021-11-10,7.0950677,7.10954743,6.93579067,7.02266905,178855653,865339060.13
2021-11-11,6.9502704,7.02266905,6.90683121,6.97922986,167893108,808301034.12
2021-11-12,6.99370959,7.02266905,6.92131094,6.96475013,145004216,697528181.98
2021-11-15,6.9502704,6.99370959,6.89235148,6.96475013,123106308,590162938.21
2021-11-16,6.96475013,7.02266905,6.90683121,6.90683121,172511911,828369196.19
2021-11-17,6.90683121,6.99370959,6.86339202,6.99370959,127566080,612273060.35
2021-11-18,6.92131094,6.96475013,6.89235148,6.90683121,136866113,653996314.07
2021-11-19,6.90683121,7.02266905,6.86339202,6.99370959,150205121,721496841.05
2021-11-22,6.93579067,7.02266905,6.92131094,7.02266905,171120839,823435480.71
2021-11-23,6.99370959,7.12402716,6.99370959,7.03714878,155065058,756515036.76
2021-11-24,7.12402716,7.26882446,7.12402716,7.16746635,170729997,846303799.07
2021-11-25,7.16746635,7.19642581,7.03714878,7.05162851,116386844,569104242.09
2021-11-26,7.02266905,7.02266905,6.87787175,6.90683121,154764664,740648389.12
2021-11-29,6.74755418,6.92131094,6.71859472,6.86339202,150200197,706559126.34
2021-11-30,6.84891229,6.92131094,6.79099337,6.81995283,120112740,568513536.27
2021-12-01,6.8054731,7.05162851,6.79099337,7.03714878,150573017,722644589.11
2021-12-02,6.99370959,7.16746635,6.97922986,7.08058797,125435150,613948052.55
2021-12-03,7.13850689,7.19642581,7.02266905,7.12402716,115217682,565984613.69
2021-12-06,7.10954743,7.19642581,7.06610824,7.08058797,100108172,492309571.96
2021-12-07,7.15298662,7.19642581,7.0950677,7.18194608,129564119,639942660.38
2021-12-08,7.22538527,7.29778392,7.19642581,7.25434473,140922137,704781963.18
2021-12-09,7.26882446,7.37018257,7.239865,7.35570284,134619349,681697403.13
2021-12-10,7.32674338,7.32674338,7.13850689,7.19642581,159231077,793767523.94
2021-12-13,7.18194608,7.25434473,7.15298662,7.18194608,115811588,575072359.16
2021-12-14,7.15298662,7.15298662,6.97922986,7.03714878,158425015,770081280.88
2021-12-15,6.99370959,7.02266905,6.93579067,6.99370959,94357633,455152806.8
2021-12-16,7.02266905,7.16746635,7.00818932,7.15298662,134647190,660270735.55
2021-12-17,7.13850689,7.22538527,7.10954743,7.15298662,105737521,522552581.01
2021-12-20,7.0950677,7.12402716,7.02266905,7.02266905,106975700,522262154.63
2021-12-21,7.02266905,7.10954743,7.00818932,7.0950677,76004596,370761031.28
2021-12-22,7.13850689,7.22538527,7.08058797,7.08058797,109723930,540769097.59
2021-12-23,7.12402716,7.31226365,7.0950677,7.28330419,211651675,1054923700.9
2021-12-24,7.29778392,7.31226365,7.13850689,7.15298662,107186965,532242643.16
2021-12-27,7.12402716,7.239865,7.12402716,7.16746635,77364082,383846871.05
2021-12-28,7.239865,7.26882446,7.10954743,7.13850689,114325369,565165071.05
2021-12-29,7.13850689,7.15298662,7.0950677,7.10954743,75112809,369162142.11
2021-12-30,7.12402716,7.16746635,7.0950677,7.0950677,90608053,445570049.67
2021-12-31,7.0950677,7.13850689,7.06610824,7.10954743,74548057,365839903.66
2022-01-04,7.12402716,7.16746635,7.0950677,7.15298662,124041416,611133220.14
2022-01-05,7.13850689,7.21090554,7.12402716,7.18194608,140126563,694345514.85
2022-01-06,7.15298662,7.26882446,7.12402716,7.21090554,143780027,717103002.97
2022-01-07,7.28330419,7.70321636,7.26882446,7.63081771,421615760,2190315195.69
2022-01-10,7.57289879,7.77561501,7.48602041,7.6742569,270629776,1425931364.41
2022-01-11,7.64529744,7.71769609,7.57289879,7.58737852,127473024,672188075.58
2022-01-12,7.79009474,7.87697312,7.65977717,7.71769609,280558624,1505850850.13
2022-01-13,7.87697312,8.07968934,7.83353393,7.93489204,306367392,1682746716.69
2022-01-14,7.90593258,7.90593258,7.64529744,7.65977717,210384911,1121965652.64
2022-01-17,7.80457447,7.84801366,7.54393933,7.70321636,182212676,965912178.52
2022-01-18,7.70321636,7.99281096,7.6742569,7.94937177,240013773,1302118002.64
2022-01-19,8.00729069,8.06520961,7.83353393,7.9638515,299087472,1642503627.31
2022-01-20,7.65977717,7.87697312,7.60185825,7.8190542,273962816,1470115269.69
2022-01-21,7.68873663,7.70321636,7.42810149,7.48602041,282994880,1470192624.25
2022-01-24,7.5294596,7.70321636,7.47154068,7.6742569,156477117,820494374.41
2022-01-25,7.55841906,7.61633798,7.44258122,7.44258122,166905101,867155238.89
2022-01-26,7.60185825,7.65977717,7.50050014,7.64529744,180541543,947424801.21
2022-01-27,7.68873663,7.77561501,7.55841906,7.58737852,155682051,825570123.72
2022-01-28,7.57289879,7.63081771,7.22538527,7.26882446,290057104,1471544838.9
2022-02-07,7.51497987,7.9638515,7.50050014,7.93489204,399682368,2148159548.05
2022-02-08,7.83353393,8.03625015,7.80457447,8.00729069,247678610,1356727518.99
2022-02-09,7.89145285,7.99281096,7.86249339,7.93489204,174885770,957223017.7
2022-02-10,7.94937177,8.12312853,7.86249339,7.99281096,217250216,1199388725.88
2022-02-11,7.9638515,8.49960151,7.94937177,8.3982434,457650112,2619387300.81
2022-02-14,8.67335827,8.74575692,8.34032448,8.42720286,331317040,1943458856.67
2022-02-15,8.36928394,8.36928394,8.07968934,8.18104745,258532149,1465627934.46
2022-02-16,7.9638515,8.21000691,7.89145285,8.16656772,237509303,1320619881.93
2022-02-17,8.07968934,8.32584475,8.02177042,8.2534461,245660209,1384281435.22
2022-02-18,8.12312853,8.21000691,8.02177042,8.15208799,188989889,1058818777.13
2022-02-21,8.16656772,8.19552718,8.00729069,8.06520961,136993664,761733091.03
2022-02-22,8.2534461,8.3982434,8.16656772,8.3982434,370577472,2120971559.75
2022-02-23,8.22448664,8.28240556,8.09416907,8.21000691,250608585,1413266239.03
2022-02-24,8.21000691,8.80367584,8.15208799,8.55752043,607702752,3568694591.22
2022-02-25,8.31136502,8.41272313,8.15208799,8.29688529,397493200,2275530316.21
2022-02-28,8.32584475,8.51408124,8.29688529,8.35480421,258270622,1494400576.0
2022-03-01,8.35480421,8.35480421,8.18104745,8.29688529,214210256,1220164544.0
2022-03-02,8.57200016,8.62991908,8.41272313,8.45616232,327413552,1920291584.0
2022-03-03,8.5430407,8.71679746,8.51408124,8.58647989,380417248,2260470240.0
2022-03-04,8.47064205,8.52856097,8.32584475,8.41272313,244565628,1421202528.0
2022-03-07,8.687838,8.73127719,8.5430407,8.60095962,379340640,2261667616.0
2022-03-08,8.51408124,8.687838,8.34032448,8.5430407,306942768,1803427824.0
2022-03-09,8.57200016,8.64439881,8.03625015,8.31136502,360225568,2092346512.0
2022-03-10,8.03625015,8.22448664,7.9638515,8.19552718,296143424,1656891904.0
2022-03-11,8.06520961,8.07968934,7.8190542,8.07968934,267913096,1474349760.0
2022-03-14,7.90593258,8.15208799,7.89145285,7.90593258,177188189,981229488.0
2022-03-15,7.79009474,7.79009474,7.239865,7.239865,347531376,1789253472.0
2022-03-16,7.26882446,7.3846623,7.03714878,7.35570284,283301712,1411043248.0
2022-03-17,7.3846623,7.45706095,7.28330419,7.42810149,252972330,1288119760.0
2022-03-18,7.54393933,7.6742569,7.51497987,7.60185825,235789522,1237072284.08
2022-03-21,7.63081771,7.65977717,7.47154068,7.5294596,176933675,922136269.99
2022-03-22,7.63081771,7.77561501,7.63081771,7.74665555,210744022,1122790822.19
2022-03-23,7.6742569,7.76113528,7.61633798,7.70321636,130049329,691336838.14
2022-03-24,7.83353393,7.92041231,7.73217582,7.74665555,157370770,850596273.41
2022-03-25,7.6742569,7.84801366,7.64529744,7.77561501,126648867,680087356.58
2022-03-28,7.8190542,8.16656772,7.76113528,8.05072988,249619217,1378987141.84
2022-03-29,7.93489204,8.16656772,7.90593258,8.13760826,161280476,896083577.86
2022-03-30,8.1086488,8.1086488,7.89145285,8.00729069,200788855,1106057770.66
2022-03-31,7.9638515,8.06520961,7.90593258,7.99281096,160490422,884331830.78
2022-04-01,7.8190542,7.9638515,7.73217582,7.92041231,178146739,966531797.14
2022-04-06,7.92041231,8.16656772,7.87697312,8.12312853,198105775,1100751780.09
2022-04-07,8.05072988,8.22448664,8.03625015,8.05072988,159378475,892401689.34
2022-04-08,8.07968934,8.18104745,7.99281096,8.07968934,116766097,651070421.98
2022-04-11,8.1086488,8.19552718,7.92041231,7.9638515,144435608,804562740.21
2022-04-12,7.89145285,7.94937177,7.73217582,7.90593258,174259457,944636058.95
2022-04-13,7.97833123,8.09416907,7.9638515,7.99281096,158306477,878165821.65
2022-04-14,8.05072988,8.13760826,8.02177042,8.1086488,133318156,745071872.81
2022-04-15,8.21000691,8.2534461,8.02177042,8.02177042,130514686,731917448.15
2022-04-18,8.03625015,8.13760826,7.80457447,7.8190542,145985840,800685560.66
2022-04-19,7.8190542,8.12312853,7.77561501,8.1086488,218290612,1206365553.9
2022-04-20,7.99281096,8.07968934,7.8190542,7.83353393,161246050,881412222.63
2022-04-21,7.83353393,7.90593258,7.41362176,7.47154068,279973216,1469169159.11
2022-04-22,7.37018257,7.70321636,7.34122311,7.64529744,183162438,960613061.15
2022-04-25,7.50050014,7.61633798,7.29778392,7.31226365,217306551,1117316148.54
2022-04-26,7.31226365,7.41362176,7.16746635,7.22538527,183424627,920463561.32
2022-04-27,7.22538527,7.37018257,7.18194608,7.35570284,185774041,934677382.45
2022-04-28,7.35570284,7.54393933,7.29778392,7.50050014,155100803,797468439.88
2022-04-29,7.60185825,7.80457447,7.48602041,7.79009474,203559721,1075245842.29
2022-05-05,7.83353393,7.94937177,7.80457447,7.89145285,210120364,1144826697.41
2022-05-06,7.73217582,7.77561501,7.58737852,7.65977717,138016440,733109003.52
2022-05-09,7.65977717,7.76113528,7.61633798,7.73217582,86649714,460910345.02
2022-05-10,7.45706095,7.5294596,7.34122311,7.50050014,224050374,1150308090.79
2022-05-11,7.45706095,7.54393933,7.42810149,7.51497987,142339672,736444983.58
2022-05-12,7.54393933,7.57289879,7.3846623,7.42810149,127664030,659143734.3
2022-05-13,7.50050014,7.5294596,7.42810149,7.47154068,139908302,722474364.45
2022-05-16,7.5294596,7.54393933,7.42810149,7.48602041,104224779,538342557.8
2022-05-17,7.5294596,7.61633798,7.51497987,7.57289879,142940510,746165754.89
2022-05-18,7.5294596,7.54393933,7.42810149,7.50050014,124480813,643253395.13
2022-05-19,7.3846623,7.44258122,7.31226365,7.44258122,148689236,757342914.56
2022-05-20,7.45706095,7.55841906,7.42810149,7.55841906,158182090,820898011.63
2022-05-23,7.57289879,7.58737852,7.51497987,7.55841906,103424939,539762116.57
2022-05-24,7.57289879,7.65977717,7.48602041,7.50050014,158388401,830107522.89
2022-05-25,7.5294596,7.74665555,7.51497987,7.70321636,160125094,846648652.33
2022-05-26,7.74665555,7.79009474,7.64529744,7.76113528,113706252,606352573.46
2022-05-27,7.83353393,8.1086488,7.83353393,8.03625015,283364608,1561958615.81
2022-05-30,8.09416907,8.15208799,7.94937177,8.00729069,150544309,834789436.93
2022-05-31,8.09416907,8.21000691,8.06520961,8.19552718,196761557,1109759253.02
2022-06-01,8.1086488,8.12312853,7.9638515,8.03625015,119452325,663222689.87
2022-06-02,7.92041231,7.9638515,7.83353393,7.92041231,117270948,639713641.56
2022-06-06,8.07968934,8.07968934,7.89145285,7.9638515,168892065,927432051.67
2022-06-07,7.9638515,8.02177042,7.90593258,7.9638515,140688290,773916603.62
2022-06-08,8.00729069,8.16656772,7.99281096,8.16656772,176343726,985233710.19
2022-06-09,8.2534461,8.51408124,8.2534461,8.3982434,273842384,1592285172.11
2022-06-10,8.31136502,8.55752043,8.28240556,8.52856097,209447419,1222107081.98
2022-06-13,8.44168259,8.73127719,8.3982434,8.52856097,229769681,1353928628.47
2022-06-14,8.45616232,9.00639206,8.42720286,8.99191233,414591968,2516716554.37
2022-06-15,8.94847314,9.15118936,8.87607449,8.87607449,387524800,2411257598.21
2022-06-16,8.8326353,8.89055422,8.52856097,8.57200016,297729648,1770849491.83
2022-06-17,8.45616232,8.58647989,8.34032448,8.44168259,275674448,1609253526.88
2022-06-20,8.23896637,8.23896637,7.80457447,7.89145285,516937376,2829470269.76
2022-06-21,7.89145285,7.94937177,7.83353393,7.87697312,195210751,1064545560.06
2022-06-22,7.89145285,7.90593258,7.68873663,7.70321636,227919033,1225150322.27
2022-06-23,7.65977717,7.8190542,7.60185825,7.8190542,213141206,1134453670.93
2022-06-24,7.77561501,7.80457447,7.6742569,7.73217582,165082240,880934324.94
2022-06-27,7.76113528,7.83353393,7.73217582,7.80457447,164277004,884171732.46
2022-06-28,7.8783423,7.9078492,7.8193285,7.9078492,145428839,775085904.39
2022-06-29,7.92260265,7.966863,7.8193285,7.83408195,170405974,909708570.7
2022-06-30,7.7898216,7.83408195,7.7898216,7.8193285,122909343,650754471.25
2022-07-01,7.7603147,7.77506815,7.7013009,7.77506815,94472541,495762140.03
2022-07-04,7.77506815,7.8488354,7.77506815,7.83408195,99234192,526008503.03
2022-07-05,7.89309575,8.0258768,7.89309575,7.966863,183166525,988893668.48
2022-07-06,7.7308078,7.77506815,7.62753365,7.7013009,260292699,1357046902.75
2022-07-07,7.65704055,7.671794,7.59802675,7.6127802,173513657,896039374.44
2022-07-08,7.7013009,7.7308078,7.62753365,7.65704055,101462729,527116173.0
2022-07-11,7.65704055,7.671794,7.5537664,7.56851985,113981265,585700915.0
2022-07-12,7.56851985,7.59802675,7.53901295,7.5537664,84690184,434052132.0
2022-07-13,7.4947526,7.50950605,7.4357388,7.50950605,127989082,648483748.23
2022-07-14,7.4947526,7.4947526,7.4357388,7.47999915,80039653,405141163.6
2022-07-15,7.45049225,7.4652457,7.376725,7.39147845,134534554,676264898.5
2022-07-18,7.4652457,7.6127802,7.4652457,7.59802675,131367035,671775927.5
2022-07-19,7.6422871,7.68654745,7.59802675,7.671794,110816402,574197755.57
2022-07-20,7.7308078,7.7898216,7.71605435,7.7308078,101040301,530715977.49
2022-07-21,7.7308078,7.7308078,7.6127802,7.65704055,89275477,463824474.5
2022-07-22,7.62753365,7.7308078,7.6127802,7.671794,77830958,404616436.18
2022-07-25,7.671794,7.71605435,7.62753365,7.65704055,63440070,329940408.58
2022-07-26,7.68654745,7.7603147,7.68654745,7.74556125,79516911,416541554.41
2022-07-27,7.71605435,7.7603147,7.671794,7.68654745,72627070,379251676.23
2022-07-28,7.7603147,7.80457505,7.71605435,7.74556125,79731660,418939168.4
2022-07-29,7.7308078,7.8193285,7.65704055,7.671794,80701134,422263578.53
2022-08-01,7.671794,7.7308078,7.62753365,7.7013009,74500032,388110863.81
2022-08-02,7.6127802,7.6127802,7.4357388,7.5537664,131903457,672221130.06
2022-08-03,7.53901295,7.6127802,7.4947526,7.4947526,81279874,416168996.11
2022-08-04,7.4947526,7.5242595,7.4357388,7.47999915,79798353,404384596.0
2022-08-05,7.45049225,7.4652457,7.376725,7.45049225,150053692,754377749.0
2022-08-08,7.42098535,7.47999915,7.4062319,7.4652457,69201470,349378377.0
2022-08-09,7.47999915,7.56851985,7.4652457,7.5242595,76281323,389265116.0
2022-08-10,7.5242595,7.62753365,7.50950605,7.56851985,71448252,366763264.0
2022-08-11,7.6127802,7.671794,7.5832733,7.65704055,69863960,361707089.0
2022-08-12,7.7013009,7.74556125,7.671794,7.7308078,80357815,420496952.0
2022-08-15,7.62753365,7.71605435,7.56851985,7.65704055,85092028,442255008.29
2022-08-16,7.59802675,7.62753365,7.5242595,7.5832733,91282917,468653520.42
2022-08-17,7.5832733,7.62753365,7.53901295,7.6127802,55378378,284827284.32
2022-08-18,7.6127802,7.65704055,7.5242595,7.53901295,72538588,372035376.27
2022-08-19,7.5832733,7.7013009,7.56851985,7.6422871,101916616,528030662.16
2022-08-22,7.6422871,7.7308078,7.62753365,7.71605435,94546755,493577895.58
2022-08-23,7.71605435,7.8488354,7.65704055,7.8193285,143797003,757985633.82
2022-08-24,7.95210955,8.01112335,7.83408195,7.86358885,183026291,980940666.18
2022-08-25,7.92260265,8.09964405,7.89309575,8.09964405,237340566,1288967398.34
2022-08-26,8.0848906,8.1143975,7.966863,8.0258768,189349011,1031633184.09
2022-08-29,8.01112335,8.09964405,7.966863,8.0848906,136098240,741597416.26
2022-08-30,8.15865785,8.21767165,8.01112335,8.07013715,114007867,625140663.73
2022-08-31,7.9373561,7.95210955,7.83408195,7.8783423,135330257,723995969.25
2022-09-01,7.8488354,8.01112335,7.8193285,7.9078492,120335591,646181913.09
2022-09-02,7.9078492,8.04063025,7.8783423,7.9963699,101659702,550012301.29
2022-09-05,8.04063025,8.2324251,8.0258768,8.2029182,182015694,1005539896.98
2022-09-06,8.21767165,8.30619235,8.15865785,8.27668545,143971049,804798025.26
2022-09-07,8.2029182,8.261932,8.1439044,8.2324251,106307805,590529659.44
2022-09-08,8.12915095,8.21767165,8.0258768,8.15865785,132046776,727985430.92
2022-09-09,8.2324251,8.30619235,8.18816475,8.24717855,122927586,687255667.69
2022-09-13,8.30619235,8.33569925,8.18816475,8.18816475,104931206,586175304.51
2022-09-14,8.1143975,8.24717855,8.07013715,8.1439044,97692448,541043602.77
2022-09-15,8.2029182,8.261932,8.07013715,8.1734113,104033135,576123075.17
2022-09-16,8.09964405,8.1143975,7.89309575,7.92260265,267740260,1444287796.81
2022-09-19,7.8783423,7.92260265,7.77506815,7.89309575,132258592,703667351.23
2022-09-20,7.9544016,8.0003808,7.893096,7.9084224,102096418,529009334.17
2022-09-21,7.8777696,8.0310336,7.8011376,8.0157072,100292430,518874389.06
2022-09-22,7.969728,8.2149504,7.9237488,8.1842976,133156134,704153654.32
2022-09-23,8.1383184,8.4601728,8.1383184,8.3375616,198461171,1082860166.43
2022-09-26,8.1842976,8.2302768,7.8317904,7.8317904,199024248,1042257114.31
2022-09-27,7.8317904,7.9237488,7.7091792,7.816464,160613542,814547851.38
2022-09-28,7.8011376,7.8624432,7.7245056,7.7704848,96626922,490629917.28
2022-09-29,7.8777696,7.9390752,7.7551584,7.8317904,94855711,486091349.32
2022-09-30,7.7858112,7.9084224,7.7858112,7.8624432,81957230,420427453.78
2022-10-10,8.1076656,8.2302768,8.0310336,8.0770128,189152408,1004290297.2
2022-10-11,8.0923392,8.1076656,7.9544016,7.9850544,112114720,586118578.48
2022-10-12,7.9390752,7.9850544,7.8624432,7.969728,109270714,564699399.7
2022-10-13,7.9237488,7.9390752,7.816464,7.8624432,145112826,743335955.26
2022-10-14,7.9237488,7.9544016,7.893096,7.9237488,110454219,571103256.53
2022-10-17,7.8624432,7.9544016,7.7858112,7.9390752,99963626,513878410.6
2022-10-18,7.9084224,7.9544016,7.8624432,7.9084224,71151860,366763748.02
2022-10-19,7.8471168,7.9237488,7.8317904,7.8317904,72631696,372904322.56
2022-10-20,7.8624432,7.9237488,7.816464,7.9084224,93401874,479892954.89
2022-10-21,7.8777696,7.9544016,7.8777696,7.9544016,90678302,468794627.18
2022-10-24,7.9544016,8.0157072,7.8471168,7.9237488,110497188,570885153.8
2022-10-25,7.9237488,7.9390752,7.8011376,7.8471168,86514392,443829112.75
2022-10-26,7.8471168,7.8777696,7.7704848,7.7858112,116103963,592150855.85
2022-10-27,7.816464,7.8471168,7.7704848,7.8317904,86330056,440285168.02
2022-10-28,7.8471168,7.893096,7.7704848,7.7704848,131020648,669389984.32
2022-10-31,7.739832,7.7551584,7.2953664,7.3413456,320579633,1565377080.93
2022-11-01,7.3106928,7.433304,7.3106928,7.433304,135844778,654137254.89
2022-11-02,7.433304,7.509936,7.3873248,7.4946096,106095921,516021778.34
2022-11-03,7.4486304,7.5252624,7.433304,7.4946096,97299473,474624809.1
2022-11-04,7.4946096,7.6172208,7.4792832,7.586568,103384083,510325932.29
2022-11-07,7.6172208,7.7858112,7.6172208,7.739832,118876054,598486095.24
2022-11-08,7.7551584,7.7858112,7.7091792,7.7551584,69175857,349353567.65
2022-11-09,7.6938528,7.7551584,7.6632,7.6938528,60064063,301993260.39
2022-11-10,7.6172208,7.6325472,7.509936,7.586568,109540647,540991511.15
2022-11-11,7.6632,7.739832,7.6325472,7.739832,114443125,574087734.0
2022-11-14,7.739832,7.8317904,7.6938528,7.7091792,106260408,538174893.48
2022-11-15,7.6632,7.739832,7.6325472,7.7091792,78599168,394664312.07
2022-11-16,7.7091792,7.816464,7.7091792,7.7551584,100522366,509102561.51
2022-11-17,7.7551584,7.7551584,7.6785264,7.7245056,78534512,395189857.16
2022-11-18,7.6785264,7.7091792,7.6478736,7.6632,80496443,403148749.44
2022-11-21,7.6325472,7.6478736,7.5712416,7.6172208,67854887,336726318.58
2022-11-22,7.6325472,7.816464,7.6172208,7.7704848,138939020,702533870.56
2022-11-23,7.816464,7.9390752,7.8011376,7.8777696,153283904,787554702.67
2022-11-24,7.8011376,7.8777696,7.7858112,7.8317904,81120636,414613675.93
2022-11-25,7.8471168,7.969728,7.816464,7.9390752,111422854,576177366.39
2022-11-28,7.8624432,7.893096,7.7704848,7.8317904,102115433,521716697.88
2022-11-29,7.8777696,7.969728,7.8471168,7.9544016,126721093,655844179.52
2022-11-30,7.9390752,8.0310336,7.9237488,8.0310336,128176582,669028493.56
2022-12-01,8.0770128,8.0923392,7.9544016,7.9544016,104470111,545472680.19
2022-12-02,7.969728,8.0157072,7.9237488,7.969728,87684841,455819077.2
2022-12-05,8.0157072,8.199624,8.0003808,8.1536448,171965499,911416976.05
2022-12-06,8.0923392,8.1383184,8.04636,8.0923392,117608670,620424044.2
2022-12-07,8.0310336,8.04636,7.9237488,7.9544016,129510662,674021358.28
2022-12-08,7.9390752,7.969728,7.8624432,7.893096,113714634,587271356.4
2022-12-09,7.9084224,7.9390752,7.8471168,7.8777696,95434070,490964200.06
2022-12-12,7.8777696,7.9084224,7.7858112,7.8011376,117512320,600057345.17
2022-12-13,7.8317904,7.8624432,7.7858112,7.816464,89767943,457994165.56
2022-12-14,7.8317904,7.893096,7.8011376,7.8777696,82193454,420972754.0
2022-12-15,7.9084224,7.9237488,7.7858112,7.8011376,76014605,388116795.51
2022-12-16,7.7704848,7.8624432,7.739832,7.8317904,71833099,366146063.17
2022-12-19,7.816464,7.8317904,7.6785264,7.6938528,90435893,456061878.93
2022-12-20,7.6785264,7.739832,7.6325472,7.6632,76654952,383635592.0
2022-12-21,7.6785264,7.6938528,7.6325472,7.6478736,50173534,250868410.06
2022-12-22,7.7091792,7.739832,7.6478736,7.6632,59682672,299427656.01
2022-12-23,7.6325472,7.6785264,7.6172208,7.6325472,59499670,296821482.59
2022-12-26,7.6632,7.7091792,7.6172208,7.6325472,68345386,340746851.18
2022-12-27,7.6632,7.6785264,7.6325472,7.6785264,57356738,286865085.5
2022-12-28,7.6632,7.7704848,7.6325472,7.739832,83727285,421366246.4
2022-12-29,7.7091792,7.7091792,7.6018944,7.6018944,124861888,621860485.22
2022-12-30,7.6018944,7.6325472,7.586568,7.6172208,73679568,366223378.64
2023-01-03,7.6325472,7.6785264,7.586568,7.6785264,74673018,372173227.81
2023-01-04,7.6325472,7.6632,7.6018944,7.6478736,85407262,425278877.12
2023-01-05,7.6172208,7.6478736,7.6018944,7.6325472,76422070,380338343.3
2023-01-06,7.6325472,7.6478736,7.6172208,7.6172208,64045963,318747370.93
2023-01-09,7.6478736,7.6478736,7.6172208,7.6325472,66437661,330873002.6
2023-01-10,7.6325472,7.6478736,7.6018944,7.6018944,53017358,263568385.56
2023-01-11,7.6172208,7.6632,7.6018944,7.6172208,76981535,383423923.64
2023-01-12,7.6478736,7.739832,7.6325472,7.7245056,113467056,570154114.97
2023-01-13,7.7245056,7.816464,7.7091792,7.8011376,103360976,524451517.83
2023-01-16,7.8317904,7.8624432,7.7704848,7.8317904,102921732,525867950.46
2023-01-17,7.8317904,7.8317904,7.7551584,7.7858112,73499427,373258241.38
2023-01-18,7.8011376,7.8471168,7.7704848,7.8011376,73749609,375479195.21
2023-01-19,7.8011376,7.816464,7.7551584,7.816464,83618404,424551110.03
2023-01-20,7.8624432,7.9850544,7.8624432,7.9544016,165726426,857520771.36
2023-01-30,8.0310336,8.04636,7.9237488,7.9850544,139074398,724596969.15
2023-01-31,7.9544016,8.0003808,7.9084224,7.9237488,101993434,528747265.92
2023-02-01,7.9390752,7.9850544,7.9084224,7.969728,118695254,615762967.1
2023-02-02,7.9544016,7.9544016,7.893096,7.9390752,100102720,517674069.3
2023-02-03,7.9084224,7.9390752,7.8624432,7.9237488,110465588,569107325.06
2023-02-06,7.8777696,7.9084224,7.8471168,7.893096,82479479,423853320.1
2023-02-07,7.9084224,7.9544016,7.893096,7.9237488,68331685,353259941.61
2023-02-08,7.9850544,7.9850544,7.8777696,7.893096,81475138,422281179.97
2023-02-09,7.9084224,7.9390752,7.893096,7.9237488,55023501,284175673.78
2023-02-10,7.9084224,7.9237488,7.8624432,7.8777696,65802000,338556924.26
2023-02-13,7.893096,7.9237488,7.8624432,7.893096,77696687,400015798.36
2023-02-14,7.9084224,7.9237488,7.8777696,7.9237488,50960059,262841506.42
2023-02-15,7.9084224,7.9237488,7.8624432,7.893096,69021272,355163750.58
2023-02-16,7.893096,7.9850544,7.8777696,7.893096,145396169,753082101.0
2023-02-17,7.893096,7.9544016,7.8777696,7.893096,81773943,422054818.31
2023-02-20,7.893096,8.04636,7.8777696,8.0310336,151956987,792181630.19
2023-02-21,8.0310336,8.122992,8.0157072,8.0616864,126627588,666045210.7
2023-02-22,8.04636,8.0923392,8.0157072,8.0310336,71010801,372941351.25
2023-02-23,8.04636,8.0923392,8.0003808,8.04636,93199281,489305724.58
2023-02-24,8.04636,8.0616864,7.9850544,8.0157072,70626710,369312965.0
2023-02-27,8.0003808,8.04636,7.9850544,7.9850544,61928471,323920000.12
2023-02-28,8.0003808,8.0157072,7.9544016,8.0157072,78091859,407149027.71
2023-03-01,8.0003808,8.1076656,7.9850544,8.0923392,119014626,626730729.63
2023-03-02,8.0923392,8.2609296,8.0616864,8.2149504,191389157,1022773480.86
2023-03-03,8.2302768,8.4601728,8.199624,8.42952,239504045,1307700110.13
2023-03-06,8.4601728,8.6134368,8.3988672,8.4448464,198012047,1094943856.34
2023-03-07,8.4754992,8.9506176,8.4601728,8.6440896,448196726,2558295972.5
2023-03-08,8.506152,8.582784,8.4448464,8.5368048,192283334,1068594050.64
2023-03-09,8.506152,8.6900688,8.506152,8.5368048,153406399,858210570.64
2023-03-10,8.4908256,8.5674576,8.3222352,8.3375616,179783988,988683902.6
2023-03-13,8.3988672,8.7053952,8.3835408,8.7053952,251070616,1406885453.66
2023-03-14,8.6440896,8.7053952,8.4448464,8.506152,204665763,1143522142.91
2023-03-15,8.506152,8.7667008,8.42952,8.659416,223151492,1252531149.82
2023-03-16,8.506152,8.5368048,8.3835408,8.3988672,239996822,1323381137.29
2023-03-17,8.4448464,9.0272496,8.4141936,8.9352912,523508836,3004463766.81
2023-03-20,8.889312,9.1805136,8.7973536,8.8433328,426152516,2502695463.55
2023-03-21,8.889312,8.9506176,8.6134368,8.7053952,225596445,1283749319.91
2023-03-22,8.736048,8.8586592,8.6747424,8.736048,149398910,853797495.66
2023-03-23,8.7207216,8.8739856,8.6747424,8.8433328,185728109,1064222015.32
2023-03-24,8.7973536,8.7973536,8.6287632,8.6440896,182370863,1031542147.87
2023-03-27,8.582784,8.582784,8.42952,8.5521312,158995323,881552428.57
2023-03-28,8.659416,8.7820272,8.5674576,8.6900688,174559798,988182291.16
2023-03-29,8.7513744,8.7513744,8.5674576,8.5981104,123527183,695506664.98
2023-03-30,8.736048,9.2418192,8.7207216,9.19584,574240950,3403189911.47
2023-03-31,9.1805136,9.2111664,9.042576,9.0732288,208251836,1237145883.99
2023-04-03,9.272472,9.4717152,9.1498608,9.19584,341157713,2071494156.75
2023-04-04,9.2571456,9.5636736,9.19584,9.4563888,294045568,1805461309.7
2023-04-06,9.3797568,9.502368,9.3184512,9.4717152,182910017,1124653839.48
2023-04-07,9.4410624,9.5176944,9.3644304,9.425736,119806394,736244429.56
2023-04-10,9.4410624,9.9468336,9.4410624,9.9008544,338428346,2163040596.08
2023-04-11,9.8395488,10.115424,9.7629168,10.0541184,276352128,1798648200.3
2023-04-12,10.0694448,10.5292368,10.0694448,10.4679312,311541327,2106278658.56
2023-04-13,10.5139104,10.9430496,10.3299936,10.3912992,454045641,3135648701.17
2023-04-14,10.3912992,10.6365216,10.268688,10.575216,275387997,1886902141.43
2023-04-17,10.5292368,11.2955568,10.4526048,11.2495776,425572372,3052584837.34
2023-04-18,11.1729456,11.2495776,10.9737024,11.1729456,270398992,1957647422.43
2023-04-19,11.0963136,11.418168,10.9737024,11.0196816,255674917,1856897646.25
2023-04-20,10.9123968,11.2802304,10.8204384,11.2189248,280152765,2017221138.42
2023-04-21,11.11164,11.5254528,11.0196816,11.1729456,274566805,2023327496.6
2023-04-24,11.1729456,11.3721888,11.0503344,11.2189248,234465186,1716641182.55
2023-04-25,11.2802304,11.6940432,11.264904,11.6787168,338419760,2548347641.41
2023-04-26,11.4948,11.648064,11.3108832,11.5561056,258525790,1934923943.69
2023-04-27,11.3568624,11.571432,11.188272,11.4948,206108477,1536494448.55
2023-04-28,11.4488208,12.0925296,11.3875152,12.0925296,274782821,2112599054.09
2023-05-04,11.6327376,12.5063424,11.571432,12.2764464,355548901,2784410997.38
2023-05-05,12.2764464,12.3224256,11.9392656,12.2151408,236169561,1866190077.07
2023-05-08,12.2917728,13.1500512,12.2917728,13.1500512,349088043,2916760204.0
2023-05-09,13.1653776,13.2420096,12.3990576,12.3990576,412498864,3452312934.46
2023-05-10,12.3990576,12.4603632,11.7093696,11.9086128,413916289,3230949146.68
2023-05-11,11.87796,11.9239392,11.6020848,11.6940432,201756976,1546282626.86
2023-05-12,11.7400224,12.0158976,11.4794736,11.4948,268904603,2053507036.74
2023-05-15,11.3721888,11.5101264,11.0963136,11.4488208,294277031,2171734433.11
2023-05-16,11.418168,11.87796,11.3721888,11.5254528,217459551,1647173396.34
2023-05-17,11.3875152,11.571432,11.2189248,11.4488208,123544342,917987117.29
2023-05-18,11.571432,11.9852448,11.571432,11.8166544,203892037,1570114278.36
2023-05-19,11.7706752,11.8166544,11.4641472,11.5407792,149611355,1133297414.42
2023-05-22,11.4794736,11.6327376,11.3108832,11.4794736,129673636,970143375.07
2023-05-23,11.4794736,11.6174112,11.264904,11.264904,122260329,909478905.07
2023-05-24,11.2189248,11.3108832,11.0196816,11.0656608,162257214,1180595095.27
2023-05-25,11.035008,11.1422928,10.7591328,10.9737024,228173645,1622169025.61
2023-05-26,10.958376,11.035008,10.7438064,10.8970704,124126220,882285958.54
2023-05-29,11.11164,11.8166544,11.0809872,11.6787168,269256722,2025538014.29
2023-05-30,11.6174112,12.107856,11.571432,11.7553488,216972952,1672886524.79
2023-05-31,11.6174112,11.7860016,11.341536,11.4948,188431686,1416284067.14
2023-06-01,11.5407792,11.9392656,11.4794736,11.6940432,180321308,1379439224.46
2023-06-02,11.8166544,11.9699184,11.6787168,11.724696,143249684,1100956482.9
2023-06-05,11.8319808,12.031224,11.801328,11.8319808,138072732,1071486270.1
2023-06-06,11.7553488,11.954592,11.6940432,11.7400224,123733318,955815234.58
2023-06-07,11.648064,11.8166544,11.4948,11.7400224,102944041,783697064.17
2023-06-08,11.7400224,12.0618768,11.6020848,11.9852448,169108414,1314294130.87
2023-06-09,11.9239392,12.0465504,11.8319808,12.0465504,172568767,1343450891.28
2023-06-12,11.954592,12.337752,11.8626336,11.9239392,184586940,1448406939.75
2023-06-13,11.8626336,11.8932864,11.418168,11.6633904,205049159,1548413341.17
2023-06-14,11.7706752,11.9086128,11.6020848,11.648064,136019260,1041567715.86
2023-06-15,11.5407792,11.6174112,11.4028416,11.5867584,124400510,932983082.66
2023-06-16,11.6787168,11.7706752,11.4948,11.6174112,159342885,1207846561.77
2023-06-19,11.6327376,11.6327376,11.4028416,11.5254528,115489213,866478659.37
2023-06-20,11.571432,11.571432,11.188272,11.2955568,148095946,1096714108.28
2023-06-21,11.2495776,11.724696,11.1729456,11.5254528,242941656,1833499436.21
2023-06-26,11.418168,11.6327376,11.3568624,11.4334944,156712777,1174811093.21
2023-06-27,11.4641472,11.9699184,11.3721888,11.8473072,216718488,1656062301.71
2023-06-28,11.87886114,11.97351342,11.76843348,11.89463652,150864596,1134413131.86
2023-06-29,11.9104119,11.97351342,11.7526581,11.78420886,96594306,725031667.21
2023-06-30,11.78420886,11.9104119,11.72110734,11.78420886,76316433,571649565.8
2023-07-03,11.81575962,12.3836733,11.78420886,12.33634716,172080619,1326177412.78
2023-07-04,12.32057178,12.68340552,12.21014412,12.28902102,139681924,1097123149.16
2023-07-05,12.33634716,12.4625502,12.17859336,12.28902102,79614915,620086261.92
2023-07-06,12.28902102,12.3836733,12.1470426,12.2259195,94931872,736436466.91
2023-07-07,12.16281798,12.36789792,11.9892888,12.19436874,103496295,800094604.31
2023-07-10,12.28902102,12.33634716,11.9892888,12.03661494,111697319,855640426.46
2023-07-11,12.09971646,12.09971646,11.95773804,12.05239032,72391189,552296874.49
2023-07-12,12.11549184,12.41522406,12.08394108,12.27324564,143731897,1116498265.88
2023-07-13,12.33634716,12.99891312,12.28902102,12.99891312,261837143,2115647839.36
2023-07-14,12.96736236,13.1724423,12.90426084,12.99891312,124415864,1026037460.05
2023-07-17,12.96736236,12.98313774,12.71495628,12.82538394,80565548,653946358.38
2023-07-18,12.84115932,12.84115932,12.60452862,12.71495628,76312091,614220291.06
2023-07-19,12.74650704,12.99891312,12.71495628,12.84115932,85057974,691697687.41
2023-07-20,12.82538394,12.88848546,12.60452862,12.65185476,87135471,703490170.78
2023-07-21,12.620304,12.73073166,12.52565172,12.63607938,58732449,470161462.15
2023-07-24,12.5414271,12.68340552,12.39944868,12.55720248,63284445,503326546.25
2023-07-25,12.84115932,12.95158698,12.620304,12.66763014,133645029,1080696931.92
2023-07-26,12.65185476,12.6991809,12.32057178,12.39944868,139892937,1103422148.28
2023-07-27,12.41522406,12.65185476,12.36789792,12.41522406,104170795,825482819.0
2023-07-28,12.36789792,12.57297786,12.25747026,12.57297786,123084921,971164714.41
2023-07-31,12.47832558,12.71495628,12.35212254,12.49410096,140341628,1109332624.18
2023-08-01,12.50987634,12.74650704,12.50987634,12.74650704,129472883,1038893838.93
2023-08-02,12.76228242,12.7780578,11.92618728,12.03661494,335115364,2597086992.06
2023-08-03,11.9104119,12.0681657,11.76843348,11.95773804,152392216,1152997958.36
2023-08-04,12.02083956,12.25747026,11.9892888,12.02083956,154400322,1184207377.36
2023-08-07,12.0681657,12.2259195,11.97351342,12.13126722,77311884,593741434.1
2023-08-08,12.0681657,12.33634716,11.9892888,12.28902102,105964849,821059376.39
2023-08-09,12.27324564,12.36789792,12.16281798,12.3047964,80913618,630596612.6
2023-08-10,12.41522406,12.58875324,12.3836733,12.49410096,109298395,865728535.68
2023-08-11,12.47832558,12.52565172,12.27324564,12.28902102,76412621,599803869.87
2023-08-14,12.19436874,12.43099944,12.17859336,12.36789792,80889613,631516845.14
2023-08-15,12.36789792,12.41522406,12.24169488,12.36789792,62627910,488963052.43
2023-08-16,12.28902102,12.3047964,11.9892888,12.0681657,99103702,759743474.25
2023-08-17,12.02083956,12.16281798,11.9104119,12.13126722,59523333,454387622.97
2023-08-18,12.08394108,12.25747026,12.08394108,12.11549184,57790105,446330112.02
2023-08-21,12.13126722,12.17859336,11.92618728,11.92618728,64894982,493237635.19
2023-08-22,11.92618728,12.27324564,11.831535,12.19436874,116979027,897416266.95
2023-08-23,12.19436874,12.35212254,12.1470426,12.2259195,87824350,683773670.5
2023-08-24,12.19436874,12.28902102,12.05239032,12.08394108,81838220,629310588.57
2023-08-25,12.03661494,12.2259195,11.9892888,12.16281798,74605010,573940089.17
2023-08-28,12.65185476,12.66763014,12.19436874,12.35212254,177925690,1393457969.23
2023-08-29,12.3047964,12.3836733,12.17859336,12.2259195,110674140,860366526.9
2023-08-30,12.28902102,12.44677482,12.24169488,12.24169488,93948485,732549987.97
2023-08-31,12.28902102,12.33634716,12.09971646,12.2259195,96246053,744508658.38
2023-09-01,12.2259195,12.32057178,12.16281798,12.24169488,102925169,799154378.85
2023-09-04,12.3047964,12.55720248,12.3047964,12.5414271,157466215,1243756343.98
2023-09-05,12.50987634,12.58875324,12.44677482,12.5414271,92497864,733595759.54
2023-09-06,12.65185476,12.79383318,12.43099944,12.74650704,156405331,1255055892.53
2023-09-07,12.71495628,13.10934078,12.71495628,12.99891312,162363779,1335213201.16
2023-09-08,12.95158698,12.98313774,12.65185476,12.71495628,103851001,838222656.59
2023-09-11,12.76228242,12.95158698,12.71495628,12.82538394,106728215,870277981.98
2023-09-12,12.8569347,12.96736236,12.71495628,12.7780578,87792804,712529072.05
2023-09-13,12.92003622,13.10934078,12.84115932,13.04623926,137736612,1134786183.61
2023-09-14,13.06201464,13.20399306,12.96736236,13.15666692,150251517,1249998057.85
2023-09-15,13.28286996,13.53527604,13.0146885,13.07779002,203396112,1708515556.5
2023-09-18,13.07779002,13.14089154,12.80960856,12.98313774,166906416,1365624415.76
2023-09-19,12.96736236,13.15666692,12.9358116,13.12511616,117834115,978876835.26
2023-09-20,13.17366204,13.2707652,13.07655888,13.14129432,126761183,1030120708.98
2023-09-21,13.14129432,13.23839748,12.93090414,12.93090414,106301536,855116403.43
2023-09-22,12.97945572,13.14129432,12.89853642,13.12511046,111140349,896236264.87
2023-09-25,13.15747818,13.20602976,12.91472028,12.947088,121591134,977983677.12
2023-09-26,12.947088,12.99563958,12.88235256,12.91472028,89133151,712041561.14
2023-09-27,12.99563958,13.0280073,12.91472028,12.947088,75460401,604322970.7
2023-09-28,13.1898459,13.23839748,12.88235256,12.91472028,125017238,1005081914.26
2023-10-09,12.60722694,12.84998484,12.31591746,12.80143326,180669164,1404770212.28
2023-10-10,12.81761712,12.89853642,12.5424915,12.60722694,98931610,775151074.19
2023-10-11,12.63959466,12.65577852,12.34828518,12.39683676,98997263,762638612.03
2023-10-12,12.39683676,12.4615722,12.2997336,12.41302062,82617642,632374068.07
2023-10-13,12.31591746,12.4615722,12.20263044,12.41302062,93665239,713917399.22
2023-10-16,12.5424915,12.68814624,12.47775606,12.6234108,131471663,1022840969.33
2023-10-17,12.55867536,12.8661687,12.47775606,12.83380098,108574513,851852679.27
2023-10-18,12.83380098,12.97945572,12.80143326,12.91472028,97031682,774066479.48
2023-10-19,12.91472028,12.91472028,12.47775606,12.52630764,119845867,933301993.08
2023-10-20,12.59104308,12.6234108,12.41302062,12.44538834,85874483,663319205.22
2023-10-23,12.34828518,12.44538834,12.15407886,12.25118202,86469385,656283196.29
2023-10-24,12.23499816,12.57485922,12.2188143,12.55867536,118757154,912811350.45
2023-10-25,12.60722694,12.6234108,11.83040166,11.86276938,220826914,1651755390.05
2023-10-26,11.8142178,12.10552728,11.79803394,12.0569757,118143698,876673106.69
2023-10-27,12.00842412,12.17026272,11.9760564,12.00842412,94954882,707619082.74
2023-10-30,11.99224026,12.00842412,11.4096213,11.53909218,241307776,1724093454.8
2023-10-31,11.4905406,11.5714599,11.328702,11.52290832,157033421,1113276522.46
2023-11-01,11.50672446,11.62001148,11.4096213,11.58764376,121749147,868143487.5
2023-11-02,11.6523792,11.8142178,11.58764376,11.7332985,117605696,852782663.21
2023-11-03,11.78185008,11.94368868,11.68474692,11.86276938,106822248,779650233.57
2023-11-06,11.78185008,11.78185008,11.37725358,11.47435674,263012279,1862123672.55
2023-11-07,11.39343744,11.53909218,11.18304726,11.47435674,166397408,1171046085.01
2023-11-08,11.31251814,11.4096213,11.2477827,11.37725358,101630303,711719540.25
2023-11-09,11.31251814,11.50672446,11.28015042,11.47435674,102899954,726882953.75
2023-11-10,11.45817288,11.52290832,11.328702,11.45817288,71698689,507249998.34
2023-11-13,11.50672446,11.5714599,11.36106972,11.55527604,83948451,595332165.19
2023-11-14,11.5714599,11.66856306,11.45817288,11.4905406,69723886,495860248.82
2023-11-15,11.50672446,11.62001148,11.4905406,11.62001148,83414343,596331928.14
2023-11-16,11.55527604,11.66856306,11.52290832,11.53909218,50110679,358740506.65
2023-11-17,11.42580516,11.44198902,11.2477827,11.39343744,108065708,756466918.56
2023-11-20,11.44198902,11.55527604,11.4096213,11.4905406,84335958,599144569.52
2023-11-21,11.55527604,11.70093078,11.50672446,11.53909218,95362948,683856168.65
2023-11-22,11.55527604,11.6523792,11.50672446,11.52290832,57726017,413492447.82
2023-11-23,11.4905406,11.55527604,11.4096213,11.50672446,60476278,428857662.96
2023-11-24,11.50672446,11.60382762,11.47435674,11.52290832,52717602,376530408.25
2023-11-27,11.53909218,11.58764376,11.39343744,11.53909218,85257795,605065025.5
2023-11-28,11.52290832,11.53909218,11.4096213,11.44198902,85311276,603620837.26
2023-11-29,11.47435674,11.50672446,11.34488586,11.42580516,101349510,715253670.84
2023-11-30,11.44198902,11.66856306,11.4096213,11.62001148,154368132,1104333141.23
2023-12-01,11.62001148,11.70093078,11.53909218,11.62001148,98164655,704325712.82
2023-12-04,11.62001148,11.79803394,11.60382762,11.6523792,77899338,563636923.39
2023-12-05,11.62001148,11.66856306,11.4096213,11.42580516,73755536,526154572.58
2023-12-06,11.4096213,11.47435674,11.02120866,11.02120866,187473333,1285485743.8
2023-12-07,10.94028936,11.03739252,10.85937006,10.97265708,104999643,710900792.62
2023-12-08,10.98884094,11.28015042,10.94028936,11.11831182,116201497,800368578.14
2023-12-11,11.11831182,11.18304726,10.79463462,11.10212796,113547547,772144373.06
2023-12-12,11.0859441,11.19923112,10.95647322,11.18304726,83779197,573794655.84
2023-12-13,11.06976024,11.10212796,10.9241055,10.94028936,90668816,615881699.6
2023-12-14,10.98884094,11.03739252,10.90792164,10.9241055,59099659,400725687.95
2023-12-15,11.0050248,11.03739252,10.85937006,10.89173778,71770339,485491162.76
2023-12-18,10.85937006,11.0050248,10.81081848,10.94028936,58715226,396818948.55
2023-12-19,10.97265708,10.98884094,10.85937006,10.95647322,60456234,408034601.51
2023-12-20,10.95647322,11.0859441,10.9241055,10.95647322,77317422,526177324.14
2023-12-21,10.9241055,11.0050248,10.85937006,10.95647322,64711609,438099555.59
2023-12-22,10.95647322,11.11831182,10.94028936,11.05357638,93739184,640323867.71
2023-12-25,11.0050248,11.23159884,10.98884094,11.19923112,79472698,545944104.91
2023-12-26,11.19923112,11.37725358,11.15067954,11.31251814,94953825,663657088.99
2023-12-27,11.328702,11.60382762,11.28015042,11.52290832,107788964,767431891.53
2023-12-28,11.53909218,11.62001148,11.34488586,11.42580516,116720455,825151570.07
2023-12-29,11.36106972,11.52290832,11.26396656,11.42580516,118854125,836445197.78
2024-01-02,11.42580516,11.63619534,11.4096213,11.55527604,122608689,873933752.22
2024-01-03,11.55527604,11.8142178,11.50672446,11.78185008,134655887,975419831.03
2024-01-04,11.86276938,12.07315956,11.84658552,12.02460798,149391302,1103951799.06
2024-01-05,11.95987254,12.28354974,11.8951371,12.12171114,152900232,1149424617.4
2024-01-08,12.137895,12.25118202,12.00842412,12.08934342,116656527,873973695.33
2024-01-09,11.94368868,12.10552728,11.84658552,12.07315956,106987184,794234789.26
2024-01-10,12.07315956,12.2188143,11.95987254,11.99224026,79849103,594867513.19
2024-01-11,11.92750482,11.95987254,11.6523792,11.70093078,128745612,937044630.64
2024-01-12,11.74948236,11.8142178,11.60382762,11.70093078,95005360,686252129.93
2024-01-15,11.66856306,11.8951371,11.62001148,11.86276938,87215501,635988823.26
2024-01-16,11.83040166,11.92750482,11.7332985,11.87895324,100607620,735850339.25
2024-01-17,11.8142178,11.87895324,11.6523792,11.6523792,100884100,733811242.5
2024-01-18,11.68474692,11.76566622,11.15067954,11.63619534,195562937,1383391363.89
2024-01-19,11.5714599,11.6523792,11.4096213,11.55527604,119694368,854091375.82
2024-01-22,11.55527604,11.6523792,11.29633428,11.4096213,130931082,931752789.28
2024-01-23,11.34488586,11.45817288,11.10212796,11.34488586,135385464,943482518.0
2024-01-24,11.36106972,11.76566622,11.31251814,11.74948236,169985431,1215700399.07
2024-01-25,11.8142178,12.93090414,11.76566622,12.93090414,378027534,2909825460.47
2024-01-26,13.0280073,13.8372003,12.75288168,13.756281,593009559,4823883680.43
2024-01-29,13.57825854,14.3227161,13.3516845,13.5944424,586392463,4976919503.67
2024-01-30,13.46497152,13.9990389,13.4326038,13.5944424,364425093,3082528803.54
2024-01-31,13.49733924,13.85338416,13.4326038,13.52970696,321814304,2709883366.75
2024-02-01,13.2707652,13.5135231,13.09274274,13.1898459,364404315,2985635987.02
2024-02-02,13.1089266,13.4326038,12.89853642,13.1089266,308338869,2519513412.18
2024-02-05,13.04419116,13.62681012,13.04419116,13.44878766,435567239,3600174086.26
2024-02-06,13.3516845,13.49733924,13.01182344,13.14129432,328011383,2674727052.9
2024-02-07,13.1089266,13.46497152,12.83380098,13.44878766,373426118,3027913355.85
2024-02-08,13.28694906,13.5944424,13.15747818,13.40023608,268741800,2220830979.48
2024-02-19,13.40023608,14.01522276,13.28694906,13.9990389,321573775,2732246800.89
2024-02-20,13.9181196,14.03140662,13.78864872,13.98285504,184550268,1589633077.31
2024-02-21,13.9181196,14.46837084,13.88575188,14.09614206,312287893,2738330683.29
2024-02-22,13.96667118,14.90533506,13.96667118,14.90533506,322411660,2885728608.75
2024-02-23,15.03480594,15.09954138,14.565474,14.67876102,282484704,2570115752.46
2024-02-26,14.565474,14.77586418,14.25798066,14.30653224,248728463,2223115168.36
2024-02-27,14.30653224,14.58165786,14.2417968,14.37126768,208408701,1851012781.32
2024-02-28,14.25798066,14.51692242,14.04759048,14.30653224,278727374,2457073690.59
2024-02-29,14.20942908,14.37126768,14.14469364,14.30653224,206939563,1822502486.76
2024-03-01,14.20942908,14.37126768,14.11232592,14.20942908,176714038,1552046718.35
2024-03-04,14.25798066,14.8082319,14.20942908,14.75968032,313545401,2822418973.77
2024-03-05,14.6463933,14.79204804,14.45218698,14.6463933,249929865,2258240356.03
2024-03-06,14.61402558,14.85678348,14.43600312,14.53310628,191910508,1735199601.94
2024-03-07,14.4845547,14.95388664,14.4845547,14.67876102,212986731,1939805586.45
2024-03-08,14.6463933,14.90533506,14.50073856,14.85678348,202721600,1845160427.97
2024-03-11,14.7273126,14.79204804,14.38745154,14.565474,223114002,2006531744.49
2024-03-12,14.4845547,14.50073856,14.01522276,14.04759048,256919902,2250245327.03
2024-03-13,13.96667118,14.1608775,13.80483258,14.06377434,173854176,1506428843.71
2024-03-14,14.04759048,14.43600312,14.03140662,14.22561294,213697775,1887040143.56
2024-03-15,14.2417968,14.37126768,14.06377434,14.3227161,161067415,1417302911.31
2024-03-18,14.29034838,14.43600312,14.1608775,14.33889996,108472056,957393644.05
2024-03-19,14.37126768,14.6463933,14.35508382,14.4036354,154847775,1389004778.92
2024-03-20,14.45218698,14.85678348,14.25798066,14.79204804,183131638,1658626117.62
2024-03-21,14.69494488,14.93770278,14.61402558,14.84059962,120783606,1105290822.64
2024-03-22,14.74349646,14.93770278,14.50073856,14.69494488,160444702,1454068494.2
2024-03-25,14.63020944,15.18046068,14.61402558,15.01862208,180288068,1667558402.75
2024-03-26,15.03480594,15.09954138,14.74349646,14.90533506,190946491,1756886631.46
2024-03-27,14.79204804,14.95388664,14.71112874,14.84059962,132450804,1213742880.16
2024-03-28,14.85678348,15.08335752,14.63020944,14.9700705,157585261,1448963366.28
2024-03-29,15.09954138,16.0220214,15.08335752,15.98965368,264647085,2568975097.59
2024-04-01,15.8601828,16.0220214,15.63360876,15.76307964,194136016,1897318194.29
2024-04-02,15.84399894,16.37806632,15.82781508,16.11912456,222150619,2211912874.05
2024-04-03,16.29714702,16.73411124,16.18386,16.47516948,282812551,2879116081.07
2024-04-08,16.2647793,17.02542072,16.18386,16.62082422,281490891,2899428549.0
2024-04-09,16.55608878,16.86358212,16.13530842,16.37806632,198101747,2010125333.49
2024-04-10,16.28096316,16.71792738,16.23241158,16.62082422,179033247,1826061453.62
2024-04-11,16.57227264,16.78266282,16.47516948,16.55608878,158878499,1629392485.51
2024-04-12,16.49135334,16.68555966,16.41043404,16.62082422,158392436,1621717958.96
2024-04-15,16.45898562,17.36528178,16.37806632,17.26817862,267663570,2809133934.65
2024-04-16,17.1548916,17.83461372,17.13870774,17.6404074,318585062,3453312340.36
2024-04-17,17.3976495,17.68895898,17.12252388,17.68895898,243997534,2623289378.36
2024-04-18,17.34909792,17.54330424,17.09015616,17.18725932,260051276,2775276178.49
2024-04-19,17.30054634,17.89934916,17.28436248,17.67277512,341766333,3718370991.22
2024-04-22,17.4785688,17.8831653,17.10634002,17.20344318,257175836,2763287873.17
2024-04-23,17.05778844,17.05778844,16.53990492,16.7502951,249454837,2584610112.13
2024-04-24,16.81503054,16.9121337,16.57227264,16.87976598,158228408,1639942725.1
2024-04-25,16.76647896,17.0739723,16.63700808,17.05778844,162001712,1687183980.63
2024-04-26,17.17107546,17.5594881,17.12252388,17.28436248,244980102,2625222860.62
2024-04-29,17.13870774,17.13870774,16.5075372,16.53990492,332167031,3421211088.06
2024-04-30,16.37806632,16.8312144,16.28096316,16.62082422,245067206,2520669927.22
2024-05-06,16.18386,16.24859544,15.89255052,16.20004386,417952703,4142433777.41
2024-05-07,16.11912456,16.37806632,16.08675684,16.37806632,242615926,2439617959.9
2024-05-08,16.29714702,16.70174352,16.28096316,16.39425018,204559297,2083992060.79
2024-05-09,16.44280176,16.5075372,16.21622772,16.29714702,170534187,1720816933.97
2024-05-10,16.36188246,16.45898562,16.2647793,16.31333088,155578991,1571078590.01
2024-05-13,16.07057298,16.3456986,16.03820526,16.21622772,167112341,1674881462.16
2024-05-14,16.24859544,16.28096316,15.95728596,16.07057298,210858826,2092693112.09
2024-05-15,15.98965368,16.13530842,15.8601828,16.00583754,144959510,1432059273.1
2024-05-16,16.05438912,16.08675684,15.87636666,15.90873438,129952952,1279126307.78
2024-05-17,15.90873438,16.11912456,15.84399894,16.05438912,155688787,1539362563.62
2024-05-20,16.1029407,16.63700808,15.98965368,16.52372106,287740653,2905889836.51
2024-05-21,16.39425018,16.47516948,16.15149228,16.39425018,165579572,1673080165.06
2024-05-22,16.3456986,16.45898562,16.20004386,16.2647793,131460554,1323570323.98
2024-05-23,16.15149228,16.18386,16.00583754,16.03820526,128172137,1274158042.15
2024-05-24,16.03820526,16.28096316,16.00583754,16.13530842,131032908,1307904543.57
2024-05-27,16.15149228,16.6693758,16.15149228,16.57227264,224801370,2292678373.79
2024-05-28,16.5884565,16.993053,16.53990492,16.81503054,211589081,2201043402.28
2024-05-29,16.92831756,17.04160458,16.70174352,16.97686914,145369863,1520595892.52
2024-05-30,16.76647896,17.04160458,16.44280176,16.5075372,173354142,1790480147.78
2024-05-31,16.36188246,16.53990492,16.31333088,16.41043404,135394499,1374058265.34
2024-06-03,16.44280176,16.63700808,16.32951474,16.44280176,181787212,1851083077.88
2024-06-04,16.11912456,16.21622772,15.9411021,16.16767614,214128444,2130211896.58
2024-06-05,16.1029407,16.21622772,15.6983442,15.81163122,217594766,2140009481.8
2024-06-06,15.8601828,16.31333088,15.79544736,16.16767614,254753743,2539095881.55
2024-06-07,16.28096316,16.37806632,16.0220214,16.16767614,145314301,1453898755.05
2024-06-11,16.31333088,16.36188246,15.82781508,15.89255052,197392985,1953839971.29
2024-06-12,15.84399894,16.20004386,15.73071192,16.18386,172416942,1706992691.15
2024-06-13,16.20004386,16.23241158,15.95728596,16.03820526,120775559,1199428285.43
2024-06-14,15.97346982,16.0220214,15.8601828,15.90873438,125843905,1239005989.49
2024-06-17,15.8601828,15.90873438,15.60124104,15.6174249,155383510,1508379574.94
2024-06-18,15.68216034,15.79544736,15.43940244,15.79544736,143145064,1385664532.26
2024-06-19,15.79544736,16.08675684,15.76307964,16.00583754,147923871,1461070285.32
2024-06-20,15.97346982,16.31333088,15.95728596,16.28096316,226430922,2258647250.62
2024-06-21,16.2647793,16.55608878,16.08675684,16.13530842,177274620,1785322173.79
2024-06-24,16.1029407,16.29714702,16.1029407,16.23241158,118502694,1188036677.64
2024-06-25,16.23241158,16.5075372,16.13530842,16.2647793,159843932,1609730621.86
2024-06-26,16.28134053,16.29790344,15.95008233,16.0660227,130294612,1264405920.89
2024-06-27,15.99977106,16.14883725,15.83414196,16.04945979,138692437,1340837540.81
2024-06-28,16.08258561,17.12604894,16.0660227,17.09292312,270254946,2723612874.02
2024-07-01,17.04323439,17.45730714,16.96041984,17.27511513,174330715,1809272312.66
2024-07-02,17.44074423,17.80512825,17.25855222,17.65606206,177194919,1874149290.04
2024-07-03,17.63949915,17.78856534,17.34136677,17.50699587,138481809,1466419334.34
2024-07-04,17.52355878,17.75543952,17.52355878,17.62293624,120380662,1282164407.08
2024-07-05,17.60637333,17.7223137,17.12604894,17.45730714,165069007,1729155525.87
2024-07-08,17.29167804,17.80512825,17.24198931,17.67262497,139077789,1479551352.78
2024-07-09,17.65606206,17.70575079,17.44074423,17.62293624,112851926,1199119686.71
2024-07-10,17.58981042,17.65606206,17.07636021,17.10948603,156758393,1635268558.75
2024-07-11,17.14261185,17.34136677,16.97698275,17.32480386,139759018,1450536534.52
2024-07-12,17.27511513,17.52355878,17.01010857,17.10948603,135935064,1412404283.51
2024-07-15,16.96041984,17.3910555,16.79479074,17.34136677,153414521,1594666895.51
2024-07-16,17.29167804,17.49043296,17.15917476,17.40761841,111483575,1168563676.93
2024-07-17,17.32480386,17.3910555,16.64572455,16.71197619,213949950,2184469848.35
2024-07-18,16.76166492,16.92729402,16.57947291,16.8941682,148627246,1506784061.46
2024-07-19,16.7285391,16.74510201,16.36415508,16.51322127,187645919,1868948688.22
2024-07-22,16.33102926,16.33102926,15.70163868,15.95008233,257641429,2478545193.31
2024-07-23,15.86726778,15.95008233,15.7347645,15.75132741,144474635,1380092475.29
2024-07-24,15.7347645,15.96664524,15.60226122,15.83414196,171839606,1636607951.08
2024-07-25,15.81757905,15.81757905,15.12193683,15.17162556,226172007,2089178543.67
2024-07-26,15.12193683,15.27100302,14.93974482,15.0722481,165972643,1509720704.55
2024-07-29,14.95630773,15.17162556,14.82380445,15.13849974,130956211,1187012036.1
2024-07-30,15.00599646,15.00599646,14.54223498,14.54223498,218352403,1936105493.61
2024-07-31,14.49254625,14.89005609,14.47598334,14.85693027,200930536,1786098511.07
2024-08-01,15.02255937,15.18818847,14.82380445,14.95630773,160074494,1449132223.41
2024-08-02,14.69130117,14.75755281,14.54223498,14.67473826,134672028,1191228816.01
2024-08-05,14.32691715,14.49254625,13.89628149,13.94597022,293326777,2506938475.88
2024-08-06,14.04534768,14.19441387,13.94597022,14.06191059,135830397,1152287287.97
2024-08-07,13.97909604,14.44285752,13.87971858,14.22753969,157756843,1357786434.45
2024-08-08,14.32691715,14.44285752,14.14472514,14.16128805,99250002,854385928.21
2024-08-09,14.21097678,14.54223498,14.17785096,14.47598334,159988641,1394823875.66
2024-08-12,14.45942043,14.5753608,14.36004297,14.42629461,90947914,793562496.92
2024-08-13,14.55879789,14.70786408,14.39316879,14.55879789,126101491,1105109223.54
2024-08-14,14.42629461,14.55879789,14.34348006,14.54223498,78073202,682838064.5
2024-08-15,14.49254625,14.75755281,14.42629461,14.67473826,113933232,1007999859.41
2024-08-16,14.70786408,14.98943355,14.69130117,14.92318191,126854614,1139101885.07
2024-08-19,14.87349318,15.10537392,14.79067863,15.02255937,105618802,955618123.42
2024-08-20,14.97287064,15.05568519,14.59192371,14.72442699,140532524,1254182355.16
2024-08-21,14.64161244,14.79067863,14.5753608,14.79067863,84565539,750297730.36
2024-08-22,14.70786408,14.80724154,14.59192371,14.7409899,87891299,781318036.85
2024-08-23,14.77411572,15.05568519,14.67473826,14.79067863,95981506,859537311.94
2024-08-26,14.92318191,15.05568519,14.77411572,14.98943355,113732644,1022443900.73
2024-08-27,15.08881101,15.48632085,14.98943355,15.43663212,217449974,2011545765.62
2024-08-28,15.32069175,15.48632085,15.10537392,15.20475138,136048440,1254670844.48
2024-08-29,15.13849974,15.17162556,14.64161244,14.7409899,145857294,1305475809.69
2024-08-30,14.7409899,14.97287064,14.5753608,14.79067863,154953162,1385639932.17
2024-09-02,14.65817535,15.02255937,14.4097317,14.92318191,145210793,1300193606.62
2024-09-03,14.87349318,14.97287064,14.36004297,14.42629461,164742300,1443072087.56
2024-09-04,14.06191059,14.06191059,13.53189747,13.66440075,234215259,1939151035.61
2024-09-05,13.59814911,13.71408948,13.33314255,13.46564583,165342472,1342872183.16
2024-09-06,13.43252001,13.59814911,13.31657964,13.31657964,111047936,901374546.41
2024-09-09,13.23376509,13.250328,12.77000361,12.95219562,183015842,1428680734.48
2024-09-10,13.00188435,13.16751345,12.95219562,13.0846989,125534650,989432352.98
2024-09-11,12.78656652,12.86938107,12.50499705,12.83625525,202397741,1545930430.94
2024-09-12,12.80312943,13.03501017,12.73687779,12.98532144,133186801,1037762145.12
2024-09-13,13.05157308,13.21720218,13.05157308,13.0846989,129717194,1029572480.89
2024-09-18,13.10126181,13.4159571,13.10126181,13.34970546,117442201,941347769.1
2024-09-19,13.4518751,13.4518751,13.1113213,13.36673665,115368818,899950255.84
2024-09-20,13.43484741,13.63917969,13.33268127,13.46890279,133488080,1058130224.57
2024-09-23,13.46890279,13.77540121,13.38376434,13.63917969,96586603,772046983.91
2024-09-24,13.80945659,14.25217653,13.69026276,14.23514884,183936323,1513319694.14
2024-09-25,14.49056419,14.74597954,14.25217653,14.3032596,212473516,1805556498.69
2024-09-26,14.1329827,14.38839805,14.04784425,14.28623191,295752968,2464797429.72
2024-09-27,14.28623191,14.3032596,14.09892732,14.26920422,179409373,1496451827.38
2024-09-30,14.52461957,15.61439173,14.52461957,15.35897638,540926189,4758267274.63
2024-10-08,16.89146848,16.89146848,15.1546441,15.90386246,642985322,6034716232.83
2024-10-09,15.4951979,15.54628097,14.38839805,14.38839805,444901825,3873797993.64
2024-10-10,14.42245343,15.34194869,14.42245343,14.88220106,393485553,3451721237.58
2024-10-11,15.06950565,15.13761641,14.69489647,14.8140903,251485177,2204108994.2
2024-10-14,14.8140903,15.05247796,14.67786878,14.89922875,221455125,1934312204.45
2024-10-15,14.60975802,14.66084109,14.33731498,14.35434267,225516656,1918310045.82
2024-10-16,14.3032596,14.4735365,14.16703808,14.33731498,166912034,1404550565.04
2024-10-17,14.32028729,14.62678571,14.21812115,14.21812115,179804141,1522345249.67
2024-10-18,14.28623191,14.6438134,14.21812115,14.54164726,240218341,2036682440.6
2024-10-21,14.4735365,14.62678571,14.32028729,14.40542574,229254626,1942472507.42
2024-10-22,14.40542574,14.49056419,14.35434267,14.40542574,167043506,1414903216.86
2024-10-23,14.4735365,14.52461957,14.35434267,14.43948112,195556524,1657075962.19
2024-10-24,14.40542574,14.42245343,14.26920422,14.38839805,97837261,825453466.29
2024-10-25,14.32028729,14.38839805,14.26920422,14.28623191,121897008,1024342011.46
2024-10-28,14.18406577,14.25217653,13.92865042,14.25217653,226008481,1865061281.66
2024-10-29,14.11595501,14.18406577,13.9627058,13.9627058,159037556,1313118646.86
2024-10-30,13.9627058,14.04784425,13.75837352,13.80945659,158425431,1290071544.64
2024-10-31,13.84351197,13.89459504,13.72431814,13.7924289,128310150,1039938547.38
2024-11-01,13.84351197,14.26920422,13.80945659,14.1329827,280524659,2322035821.91
2024-11-04,14.15001039,14.20109346,13.84351197,13.9627058,194985482,1593503765.22
2024-11-05,13.9627058,14.11595501,13.86053966,14.09892732,203694483,1676962489.85
2024-11-06,14.01378887,14.3032596,13.99676118,14.06487194,237345722,1969970799.06
2024-11-07,13.99676118,14.21812115,13.89459504,14.21812115,244681060,2019718751.4
2024-11-08,14.21812115,14.28623191,13.99676118,14.04784425,206159231,1710854042.27
2024-11-11,13.9627058,13.9627058,13.65620738,13.77540121,248767811,2009778977.87
2024-11-12,13.67323507,13.89459504,13.60512431,13.622152,213088944,1716917877.18
2024-11-13,13.60512431,13.89459504,13.57106893,13.74134583,223318088,1803260184.02
2024-11-14,13.67323507,13.87756735,13.65620738,13.67323507,185058127,1497145402.18
2024-11-15,13.67323507,13.7924289,13.58809662,13.67323507,185354660,1489484686.63
2024-11-18,13.69026276,14.01378887,13.67323507,13.87756735,278213049,2270719679.11
2024-11-19,13.94567811,13.9627058,13.72431814,13.84351197,169755627,1375912252.06
2024-11-20,13.7924289,13.87756735,13.72431814,13.84351197,117567657,953323999.98
2024-11-21,13.80945659,13.89459504,13.75837352,13.80945659,103457590,840590755.89
2024-11-22,13.84351197,13.94567811,13.63917969,13.63917969,166400415,1345765045.79
2024-11-25,13.70729045,13.87756735,13.622152,13.67323507,151580229,1222692183.02
2024-11-26,13.57106893,13.67323507,13.34970896,13.65620738,131371251,1044289900.41
2024-11-27,13.58809662,13.69026276,13.51998586,13.67323507,96015537,767807338.17
2024-11-28,13.65620738,13.72431814,13.60512431,13.67323507,75655500,607167983.0
2024-11-29,13.69026276,13.80945659,13.67323507,13.69026276,129150425,1042135819.63
2024-12-02,13.72431814,13.74134583,13.60512431,13.65620738,130025201,1042573212.88
2024-12-03,13.63917969,13.7924289,13.58809662,13.7924289,159973433,1286566304.01
2024-12-04,13.7924289,14.38839805,13.7924289,14.37137036,432554998,3600733254.78
2024-12-05,14.16703808,14.26920422,14.06487194,14.11595501,182716202,1517775072.76
2024-12-06,14.09892732,14.28623191,14.08189963,14.16703808,159833336,1330524078.6
2024-12-09,14.11595501,14.43948112,14.03081656,14.35434267,212659243,1789796053.01
2024-12-10,14.52461957,14.60975802,14.21812115,14.23514884,191423022,1612096547.01
2024-12-11,14.20109346,14.42245343,14.18406577,14.38839805,150390914,1264886128.51
2024-12-12,14.40542574,14.54164726,14.33731498,14.38839805,139217788,1178253732.98
2024-12-13,14.32028729,14.35434267,14.08189963,14.09892732,162729605,1355494586.4
2024-12-16,14.06487194,14.45650881,14.04784425,14.38839805,207205456,1745663827.52
2024-12-17,14.35434267,14.62678571,14.35434267,14.43948112,162559132,1382591695.73
2024-12-18,14.50759188,14.62678571,14.43948112,14.49056419,132476689,1130071893.81
2024-12-19,14.40542574,14.55867495,14.3032596,14.33731498,126127393,1067693429.17
2024-12-20,14.32028729,14.37137036,14.18406577,14.20109346,106072126,887490574.76
2024-12-23,14.26920422,14.67786878,14.25217653,14.60975802,223603268,1909500531.08
2024-12-24,14.54164726,15.01842258,14.4735365,14.95031182,238624272,2083028591.39
2024-12-25,14.91625644,15.41005945,14.89922875,15.35897638,250352051,2241802966.29
2024-12-26,15.35897638,15.35897638,15.06950565,15.27383793,184550697,1647425130.63
2024-12-27,15.29086562,15.44411483,15.00139489,15.18869948,145199007,1291502032.3
2024-12-30,15.18869948,15.46114252,15.17167179,15.324921,145925007,1311769432.7
2024-12-31,15.35897638,15.41005945,15.18869948,15.22275486,155407359,1396986882.84
2025-01-02,15.17167179,15.34194869,14.86517337,14.93328413,184981442,1636853876.57
2025-01-03,15.00139489,15.23978255,14.9843672,15.06950565,178965310,1589925430.14
2025-01-06,15.10356103,15.23978255,14.78003492,15.17167179,170462804,1509884539.96
2025-01-07,15.08653334,15.20572717,14.89922875,15.05247796,122267327,1077809047.97
2025-01-08,15.08653334,15.61439173,15.05247796,15.41005945,227508932,2057337764.2
2025-01-09,15.30789331,15.37600407,14.8140903,15.01842258,153629538,1361696663.93
2025-01-10,15.08653334,15.17167179,14.79706261,14.89922875,143463802,1258431039.32
2025-01-13,15.1546441,15.23978255,14.84814568,15.10356103,178167945,1578493987.97
2025-01-14,15.00139489,15.17167179,14.89922875,15.1546441,158884680,1407341963.1
2025-01-15,15.08653334,15.35897638,14.96733951,15.08653334,141486900,1258878298.24
2025-01-16,15.20572717,15.39303176,15.12058872,15.324921,153454811,1378337203.29
2025-01-17,15.23978255,15.29086562,15.01842258,15.03545027,150269686,1334267977.07
2025-01-20,15.01842258,15.01842258,14.55867495,14.59273033,235403562,2033703847.66
2025-01-21,14.52461957,14.57570264,14.32028729,14.38839805,152266647,1288524297.76
2025-01-22,14.32028729,14.37137036,13.9627058,14.01378887,192271249,1592888788.28
2025-01-23,14.06487194,14.25217653,14.03081656,14.06487194,152374577,1262909902.53
2025-01-24,14.01378887,14.11595501,13.91162273,13.99676118,149177143,1228142328.47
2025-01-27,13.99676118,14.21812115,13.94567811,14.18406577,155373168,1288482458.2
2025-02-05,14.18406577,14.20109346,13.80945659,13.87756735,152525262,1244000940.19
2025-02-06,13.87756735,13.99676118,13.84351197,13.9627058,107576108,879061201.3
2025-02-07,13.92865042,14.08189963,13.86053966,14.06487194,138216008,1135260196.51
2025-02-10,14.04784425,14.09892732,13.9627058,14.01378887,110624145,911054683.19
2025-02-11,14.04784425,14.21812115,14.01378887,14.11595501,147938177,1225927515.24
2025-02-12,14.1329827,14.1329827,14.01378887,14.09892732,109526961,904916887.45
2025-02-13,13.97973349,14.08189963,13.94567811,14.01378887,133934369,1102558946.3
2025-02-14,14.01378887,14.03081656,13.75837352,13.80945659,247682714,2010647106.29
2025-02-17,13.75837352,13.77540121,13.65620738,13.72431814,178435593,1435086279.78
2025-02-18,13.70729045,13.86053966,13.622152,13.74134583,210196149,1697319132.8
2025-02-19,13.74134583,13.74134583,13.55404124,13.58809662,226900564,1814932771.8
2025-02-20,13.58809662,13.69026276,13.53701355,13.63917969,133223014,1065418433.75
2025-02-21,13.67323507,13.67323507,13.51998586,13.60512431,137560896,1097409769.52
2025-02-24,13.51998586,13.55404124,13.41781972,13.4518751,179447566,1419342284.92
2025-02-25,13.4518751,13.53701355,13.2815982,13.29862589,179267207,1410284451.74
2025-02-26,13.23051513,13.36673665,13.19645975,13.26457051,160073074,1245567492.31
2025-02-27,13.24754282,13.41781972,13.16240437,13.41781972,209897958,1641711813.98
2025-02-28,13.36673665,13.57106893,13.34970896,13.38376434,201612695,1596440423.55
2025-03-03,13.4518751,13.51998586,13.2815982,13.33268127,155070251,1217326469.92
2025-03-04,13.24754282,13.24754282,12.95807209,12.97509978,247492704,1893446278.21
2025-03-05,12.9410444,13.07726592,12.90698902,13.02618285,140406670,1071286269.38
2025-03-06,12.92401671,13.04321054,12.87293364,13.02618285,185658163,1412400098.64
2025-03-07,12.99212747,13.17943206,12.97509978,13.09429361,176614024,1356045916.18
2025-03-10,13.07726592,13.16240437,12.99212747,13.04321054,120526269,924338346.37
2025-03-11,12.95807209,13.1113213,12.9410444,13.1113213,104178219,797682490.71
2025-03-12,13.1113213,13.16240437,13.02618285,13.06023823,94638719,726258455.93
2025-03-13,13.14537668,13.33268127,13.1113213,13.31565358,224371962,1744753006.53
2025-03-14,13.26457051,13.36673665,13.26457051,13.34970896,174871484,1368910024.01
2025-03-17,13.41781972,13.51998586,13.40079203,13.48593048,148361949,1174748016.54
2025-03-18,13.50295817,13.51998586,13.38376434,13.4518751,95541450,754855979.1
2025-03-19,13.38376434,13.48593048,13.38376434,13.41781972,78327430,618022362.41
2025-03-20,13.41781972,13.57106893,13.41781972,13.53701355,130421268,1036316552.89
2025-03-21,13.58809662,13.77540121,13.51998586,13.55404124,209242475,1679500175.48
2025-03-24,13.55404124,13.622152,13.4518751,13.60512431,126374562,1005792729.14
2025-03-25,13.60512431,13.75837352,13.57106893,13.75837352,116796322,939927147.01
2025-03-26,13.75837352,13.87756735,13.72431814,13.80945659,104647429,847715414.91
2025-03-27,13.80945659,13.94567811,13.7924289,13.92865042,125808749,1026676485.23
2025-03-28,13.89459504,13.91162273,13.74134583,13.75837352,129432220,1049584431.37
2025-03-31,13.7924289,14.03081656,13.74134583,13.99676118,203217773,1665459410.01
2025-04-01,14.04784425,14.1329827,13.9627058,14.04784425,136710992,1126953122.28
2025-04-02,14.04784425,14.08189963,13.87756735,13.91162273,103075912,843487312.03
2025-04-03,13.69026276,13.91162273,13.65620738,13.86053966,119507942,968689499.14
2025-04-07,12.83887826,13.04321054,12.48129677,12.49832446,395567456,2938412876.19
2025-04-08,12.61751829,13.19645975,12.48129677,13.1113213,336643808,2532699724.97
2025-04-09,12.9410444,12.9410444,12.6004906,12.83887826,346138448,2589234379.83
2025-04-10,13.00915516,13.06023823,12.80482288,12.90698902,250869767,1900985479.84
2025-04-11,12.87293364,12.90698902,12.75373981,12.87293364,147406106,1111267395.26
2025-04-14,12.87293364,13.1113213,12.85590595,13.09429361,169770557,1296243742.94
2025-04-15,13.07726592,13.21348744,13.04321054,13.19645975,133653803,1030930858.06
2025-04-16,13.16240437,13.622152,13.1113213,13.58809662,215686388,1690796515.92
2025-04-17,13.57106893,13.622152,13.46890279,13.60512431,102283976,814511026.62
2025-04-18,13.622152,13.75837352,13.53701355,13.60512431,107108327,857490198.45
2025-04-21,13.55404124,13.63917969,13.48593048,13.51998586,80401423,639785891.31
2025-04-22,13.48593048,13.70729045,13.46890279,13.63917969,107958084,864868192.36
2025-04-23,13.72431814,13.74134583,13.58809662,13.622152,74514641,597164690.61
2025-04-24,13.58809662,13.67323507,13.57106893,13.622152,64125464,513493484.71
2025-04-25,13.65620738,13.69026276,13.53701355,13.55404124,76479828,610264606.99
2025-04-28,13.57106893,13.69026276,13.48593048,13.65620738,89285658,714439798.2
2025-04-29,13.55404124,13.63917969,13.48593048,13.51998586,80664229,641738822.91
2025-04-30,13.53701355,13.67323507,13.51998586,13.60512431,89354521,714431984.38
2025-05-06,13.57106893,13.58809662,13.43484741,13.55404124,122498058,972670118.42
2025-05-07,13.7924289,13.80945659,13.60512431,13.7924289,141898767,1143322916.79
2025-05-08,13.70729045,13.86053966,13.69026276,13.70729045,74534020,602788804.23
2025-05-09,13.7924289,13.87756735,13.77540121,13.7924289,73846909,599432205.58
2025-05-12,13.87756735,13.91162273,13.77540121,13.86053966,70451407,573215256.26
2025-05-13,13.89459504,14.03081656,13.84351197,13.9627058,94413870,773688232.94
2025-05-14,13.99676118,14.21812115,13.94567811,14.18406577,127880796,1059911364.85
2025-05-15,14.11595501,14.21812115,14.04784425,14.09892732,84661790,702462453.33
2025-05-16,14.04784425,14.11595501,13.84351197,13.87756735,105512857,862145940.55
2025-05-19,13.87756735,14.01378887,13.87756735,13.92865042,74348800,609442364.0
2025-05-20,13.99676118,14.01378887,13.91162273,13.9627058,53584665,439205502.51
2025-05-21,14.01378887,14.1329827,14.01378887,14.08189963,80675807,667197630.24
2025-05-22,14.04784425,14.16703808,14.03081656,14.1329827,73609397,610192484.33
2025-05-23,14.1329827,14.16703808,13.92865042,13.92865042,83692974,689422365.02
2025-05-26,13.94567811,14.03081656,13.87756735,13.94567811,70011899,573590680.98
2025-05-27,13.92865042,14.01378887,13.89459504,13.91162273,54748108,448083480.29
2025-05-28,13.91162273,14.23514884,13.87756735,14.20109346,146010167,1211705596.86
2025-05-29,14.21812115,14.32028729,14.1329827,14.15001039,80311764,670513033.07
2025-05-30,14.1329827,14.25217653,14.06487194,14.11595501,97424110,810960567.7
2025-06-03,14.18406577,14.26920422,14.09892732,14.1329827,77079512,640322213.06
2025-06-04,14.16703808,14.28623191,14.09892732,14.28623191,77061754,644458234.29
2025-06-05,14.26920422,14.37137036,14.26920422,14.28623191,74506060,625602486.92
2025-06-06,14.3032596,14.57570264,14.28623191,14.49056419,105866453,899095869.15
2025-06-09,14.57570264,14.72895185,14.49056419,14.69489647,115794247,994661586.74
2025-06-10,14.74597954,14.89922875,14.69489647,14.84814568,146719781,1277002931.13
2025-06-11,14.86517337,15.12058872,14.83111799,15.06950565,125362779,1104332752.84
2025-06-12,15.1546441,15.20572717,15.00139489,15.12058872,132507296,1176127595.68
2025-06-13,15.35897638,15.56330866,15.13761641,15.30789331,191619920,1720534448.21
2025-06-16,15.37600407,15.46114252,15.13761641,15.35897638,191412722,1721733307.65
2025-06-17,15.27383793,15.63141942,15.25681024,15.63141942,187955455,1710699425.9
2025-06-18,15.6654748,15.76764094,15.56330866,15.63141942,135239018,1244301019.76
2025-06-19,15.63141942,15.76764094,15.39303176,15.75061325,229433429,2102088606.84
2025-06-20,15.6654748,15.73358556,15.4951979,15.59736404,137842481,1262271200.12
2025-06-23,15.73358556,15.80169632,15.34194869,15.47817021,226861259,2063231514.1
2025-06-24,15.06950565,15.324921,14.74597954,15.25681024,217096735,1929393488.93
2025-06-25,15.27432696,15.32687625,15.08164623,15.22177767,146784920,1273066399.01
2025-06-26,15.22177767,15.37942554,15.18674481,15.30935982,115263894,1007151514.74
2025-06-27,15.30935982,15.30935982,15.04661337,15.09916266,120881733,1046804769.8
2025-06-30,15.08164623,15.13419552,14.85393264,14.97654765,112428863,960899659.3
2025-07-01,14.99406408,15.2392941,14.8889655,15.13419552,101075028,870205910.64
2025-07-02,15.13419552,15.16922838,15.04661337,15.0641298,78419450,675906517.6
2025-07-03,15.11667909,15.13419552,14.95903122,14.97654765,80081640,686039113.8
2025-07-04,14.97654765,15.08164623,14.94151479,15.0641298,89042401,763643448.57
2025-07-07,15.0641298,15.0641298,14.80138335,14.94151479,87628132,745382745.89
2025-07-08,14.97654765,15.09916266,14.90648193,15.01158051,90676310,777068036.52
2025-07-09,15.04661337,15.29184339,15.02909694,15.02909694,124567324,1079795604.09
2025-07-10,15.0641298,15.29184339,15.0641298,15.16922838,121933899,1057905307.45
2025-07-11,15.16922838,15.44949126,15.15171195,15.15171195,243381626,2127927145.93
2025-07-14,15.22177767,15.62465556,15.22177767,15.55458984,204611606,1809087800.94
2025-07-15,15.51955698,15.69472128,15.44949126,15.64217199,163315904,1452534859.31
2025-07-16,15.64217199,15.86988558,15.60713913,15.72975414,129816376,1166430128.03
2025-07-17,15.72975414,15.81733629,15.53707341,15.60713913,128039088,1140910841.9
2025-07-18,15.64217199,15.71223771,15.53707341,15.60713913,72754738,648388687.3
2025-07-21,15.5896227,15.71223771,15.53707341,15.64217199,84814373,757345340.52
2025-07-22,15.60713913,15.86988558,15.51955698,15.78230343,145904781,1309021412.36
2025-07-23,15.74727057,15.86988558,15.62465556,15.65968842,138909950,1250633323.05
2025-07-24,15.65968842,15.65968842,15.36190911,15.39694197,184517805,1626594768.93
2025-07-25,15.4144584,15.55458984,15.15171195,15.18674481,182602884,1598068584.61
2025-07-28,15.18674481,15.18674481,14.94151479,14.99406408,151301332,1296504568.95
2025-07-29,15.04661337,15.30935982,15.04661337,15.27432696,163958194,1420545793.01
2025-07-30,15.34439268,15.57210627,15.30935982,15.55458984,148260247,1309216131.24
2025-07-31,15.55458984,15.5896227,15.29184339,15.53707341,175125075,1547642858.49
2025-08-01,15.4144584,15.48452412,14.8889655,14.90648193,226766360,1953129427.29
2025-08-04,14.78386692,14.90648193,14.7138012,14.83641621,114858803,971456733.34
2025-08-05,14.83641621,15.13419552,14.80138335,15.04661337,136173580,1166912016.47
2025-08-06,15.04661337,15.18674481,15.01158051,15.13419552,94110090,812093306.07
2025-08-07,15.09916266,15.20426124,15.04661337,15.20426124,76613357,662023168.82
2025-08-08,15.15171195,15.44949126,15.11667909,15.36190911,98313524,861667131.01
2025-08-11,15.32687625,15.39694197,15.02909694,15.04661337,143829394,1241471484.12
2025-08-12,15.0641298,15.51955698,15.0641298,15.36190911,179730910,1574976228.91
2025-08-13,15.32687625,15.43197483,15.2392941,15.25681053,112396786,981180696.9
2025-08-14,15.25681053,15.36190911,15.15171195,15.15171195,86838286,756150062.41
2025-08-15,15.18674481,15.22177767,15.01158051,15.11667909,122448292,1056337505.96
2025-08-18,15.09916266,15.11667909,14.99406408,15.02909694,155371792,1333603747.58
2025-08-19,15.02909694,15.08164623,14.90648193,14.92399836,119671552,1022471463.92
2025-08-20,14.92399836,15.15171195,14.8889655,15.09916266,134389685,1154806481.31
2025-08-21,15.0641298,15.37942554,15.04661337,15.32687625,143573531,1251312295.96
2025-08-22,15.30935982,15.36190911,15.09916266,15.22177767,127908792,1108616826.67
2025-08-25,15.27432696,15.37942554,15.20426124,15.36190911,134161080,1172878404.47
2025-08-26,15.37942554,15.53707341,15.30935982,15.36190911,113993519,1003679309.32
2025-08-27,15.39694197,15.44949126,15.0641298,15.11667909,193755512,1684315811.34
2025-08-28,15.15171195,15.20426124,14.97654765,15.13419552,127740374,1101889121.51
2025-08-29,15.18674481,15.48452412,15.16922838,15.27432696,189508290,1658203358.06
2025-09-01,15.27432696,15.37942554,15.0641298,15.25681053,131485197,1141958535.85
2025-09-02,15.34439268,15.95746773,15.30935982,15.90491844,383030064,3419809187.68
2025-09-03,15.90491844,16.20269775,15.78230343,15.9399513,240576468,2192924033.87
2025-09-04,15.78230343,15.99250059,15.20426124,15.74727057,378947896,3370962216.0
2025-09-05,15.5896227,15.72975414,15.50204055,15.5896227,155373340,1382683767.08
2025-09-08,15.44949126,15.78230343,15.4144584,15.57210627,182125560,1627990286.54
2025-09-09,15.57210627,15.71223771,15.34439268,15.39694197,128722824,1137881788.27
2025-09-10,15.46700769,15.53707341,15.32687625,15.34439268,124433160,1093121307.59
2025-09-11,15.36190911,15.39694197,15.16922838,15.29184339,198396019,1725694280.56
2025-09-12,15.25681053,15.29184339,15.18674481,15.22177767,142911096,1242590924.68
2025-09-15,15.2392941,15.4144584,15.18674481,15.36190911,154568866,1352480586.93
2025-09-16,15.34439268,15.36190911,15.11667909,15.13419552,179277655,1554054775.91
2025-09-17,15.2420368,15.3858296,15.1162181,15.2060886,179990315,1525112745.43
2025-09-18,15.1701404,15.1701404,14.7028138,14.7567361,245196082,2033727668.5
2025-09-19,14.7207879,14.8106584,14.6129433,14.6488915,123190819,1007099258.02
2025-09-22,14.6488915,14.7028138,14.5050987,14.559021,121595384,987236915.19
2025-09-23,14.559021,14.7207879,14.4691505,14.6309174,140823464,1144091112.64
2025-09-24,14.7028138,14.7747102,14.5410469,14.6129433,139825895,1138515035.71
2025-09-25,14.6488915,14.6848397,14.559021,14.6309174,101110481,822639247.07
2025-09-26,14.6668656,14.7567361,14.5949692,14.6668656,109092921,891554546.15
2025-09-29,14.7028138,14.7747102,14.5230728,14.6848397,157210459,1279359980.37
2025-09-30,14.6129433,14.6668656,14.4691505,14.4871246,167463098,1352876510.05
2025-10-09,14.5050987,14.9005289,14.4511764,14.8825548,212146662,1735590723.5
2025-10-10,14.7926843,15.0263476,14.738762,14.8825548,131407871,1089307832.23
2025-10-13,14.6309174,14.9005289,14.5410469,14.7926843,202583362,1659467171.62
2025-10-14,14.8106584,15.0083735,14.6668656,14.9724253,182695981,1514153297.24
2025-10-15,14.9724253,15.0263476,14.7926843,14.9005289,146684442,1214253876.1
2025-10-16,14.8825548,15.1701404,14.8466066,15.1521663,176952346,1481988121.12
2025-10-17,15.1162181,15.277985,15.0263476,15.1162181,149835343,1264055683.67
2025-10-20,15.098244,15.5116483,15.098244,15.4936742,208817508,1780170854.8
2025-10-21,15.4936742,15.7812598,15.4217778,15.7453116,224842578,1958785244.13
2025-10-22,15.7273375,16.0149231,15.6913893,15.996949,177576948,1569567885.24
2025-10-23,16.0328972,16.5002238,16.0328972,16.5002238,267071263,2420808197.04
2025-10-24,16.4642756,16.4822497,16.17669,16.2845346,176163602,1597311905.25
2025-10-27,16.2306123,16.536172,16.1047936,16.4822497,168460290,1534654712.5
2025-10-28,16.4822497,16.536172,16.3204828,16.3923792,101845110,930130069.08
2025-10-29,16.3204828,16.4283274,16.2485864,16.3384569,94522208,859285792.92
2025-10-30,16.3923792,16.6080684,16.3204828,16.356431,111718985,1022293436.23
2025-10-31,16.4642756,16.5002238,16.3025087,16.4463015,119503462,1090267282.64
2025-11-03,16.5181979,17.2012137,16.4642756,17.1832396,230442997,2180347921.87
2025-11-04,17.1472914,17.434877,17.075395,17.2012137,169633164,1629997343.85
2025-11-05,17.075395,17.2012137,16.9316022,17.1293173,102252323,972456523.46
2025-11-06,17.0574209,17.3809547,16.9675504,17.2371619,122783382,1174997451.09
2025-11-07,17.255136,17.5247475,17.2371619,17.4528511,129442761,1253137737.76
2025-11-10,17.4528511,17.7584108,17.3989288,17.7404367,146987123,1442931484.16
2025-11-11,17.7044885,17.7404367,17.3989288,17.5606957,131852994,1288606862.62
2025-11-12,17.6505662,18.1718151,17.6505662,17.8662554,205824769,2055249046.28
2025-11-13,17.5786698,17.8662554,17.5606957,17.8303072,162963303,1604058223.97
2025-11-14,17.8303072,18.0100482,17.6325921,17.6505662,103251004,1024255031.26
2025-11-17,17.6505662,17.9201777,17.3629806,17.7404367,133310715,1311091384.11
2025-11-18,17.7584108,17.8842295,17.614618,17.7404367,108906369,1073966831.56
2025-11-19,17.7404367,18.5492712,17.6685403,18.4594007,226561112,2305748935.83
2025-11-20,18.2616856,18.7649604,18.1718151,18.1897892,181489159,1863398397.0
2025-11-21,18.1718151,18.3515561,17.9741,18.0280223,221694991,2238852106.19
2025-11-24,18.0280223,18.1178928,17.4528511,17.5786698,242795229,2383053860.55
2025-11-25,17.5606957,17.6685403,17.3809547,17.614618,113848611,1110691188.62
2025-11-26,17.614618,17.7584108,17.3629806,17.4708252,124459523,1211513502.23
2025-11-27,17.4708252,17.7584108,17.2371619,17.7044885,119004978,1162008520.95
2025-11-28,17.6685403,17.7763849,17.4708252,17.5247475,74661653,729632866.97
2025-12-01,17.5786698,17.9381518,17.5247475,17.9022036,114814283,1135272827.87
2025-12-02,17.8662554,18.2796597,17.8303072,17.9741,110550061,1111677353.15
2025-12-03,17.8842295,18.0100482,17.7584108,17.8482813,70235822,698740436.76
2025-12-04,17.9022036,18.2077633,17.8842295,17.9920741,84199849,844366285.87
2025-12-05,17.9381518,18.0639705,17.7044885,17.794359,86821789,862173103.69
2025-12-08,17.8303072,17.8662554,17.5247475,17.7044885,99038784,975041782.58
2025-12-09,17.7044885,17.7404367,17.434877,17.4708252,98017437,957343679.52
2025-12-10,17.4169029,17.4708252,17.2012137,17.255136,92815174,893588305.64
2025-12-11,17.3090583,17.5247475,17.0933691,17.3629806,120102924,1155700776.22
2025-12-12,17.2371619,17.2371619,16.9855245,17.1293173,145030285,1381863104.63
2025-12-15,17.1293173,17.2191878,17.0034986,17.075395,87961632,837851955.54
2025-12-16,17.0214727,17.3090583,16.7698353,17.1832396,153362215,1459016481.23
2025-12-17,17.1293173,17.3270324,16.9495763,17.0933691,102626105,980483166.8
2025-12-18,17.2012137,17.5786698,17.1293173,17.4528511,104826773,1014012076.66
2025-12-19,17.3629806,17.5247475,17.1652655,17.3450065,106086475,1024968236.48
2025-12-22,17.4708252,17.5247475,17.3270324,17.4708252,86409213,838404261.35
2025-12-23,17.5247475,17.9381518,17.5247475,17.7763849,105380086,1040755264.96
2025-12-24,17.7404367,17.794359,17.4887993,17.7044885,84041786,826028678.02
2025-12-25,17.6505662,17.8662554,17.5966439,17.6685403,70675285,696854937.41
2025-12-26,17.5606957,17.794359,17.5606957,17.7044885,70109445,690631256.58
2025-12-29,17.6865144,18.153841,17.6325921,18.0819446,168783308,1693188870.89
2025-12-30,18.0819446,18.693064,18.0100482,18.4234525,172605548,1762680426.93
2025-12-31,18.4414266,18.8188827,18.4414266,18.7110381,170561058,1771227332.3
2026-01-05,18.7110381,18.7110381,17.794359,18.0999187,308401573,3100499221.08
2026-01-06,18.0639705,18.513323,17.9201777,18.4594007,188338212,1913874760.14
2026-01-07,18.2437115,18.2796597,17.6685403,17.794359,231885217,2306983415.01
2026-01-08,17.7763849,17.794359,17.614618,17.614618,121457155,1194385966.61
2026-01-09,17.9381518,18.0459964,17.4887993,17.7404367,207592057,2041920921.07
2026-01-12,17.7044885,17.8303072,17.5786698,17.7224626,144189477,1418143991.96
2026-01-13,17.7584108,18.2796597,17.7584108,18.1178928,205937323,2072278771.18
2026-01-14,18.2257374,18.3695302,17.6505662,17.7044885,348962524,3492868479.56
2026-01-15,17.6865144,18.2077633,17.614618,17.9201777,193449745,1936861742.88
2026-01-16,17.794359,17.9561259,17.4528511,17.614618,200682137,1973325481.62
2026-01-19,17.4708252,17.8482813,17.4708252,17.6505662,107657091,1059032370.91
2026-01-20,17.6505662,17.9201777,17.6505662,17.8303072,125594543,1246556072.59
2026-01-21,17.9022036,18.0819446,17.8123331,17.9741,155395508,1551203923.65
2026-01-22,18.1178928,18.8368568,18.1178928,18.2437115,300558152,3074506073.48
2026-01-23,18.2796597,18.4234525,17.6325921,17.6685403,268401677,2666771278.22
2026-01-26,17.794359,18.8548309,17.7763849,18.6750899,438585369,4497765496.33
2026-01-27,18.6750899,19.2143129,18.5312971,18.7649604,287268218,3024205306.41
2026-01-28,19.052546,19.9153028,18.9267273,19.3581057,494794028,5364611647.28
2026-01-29,19.591769,19.77151,18.9267273,19.5737949,422473957,4557261094.35
2026-01-30,19.6456913,20.0411215,19.3041834,19.8074582,421390527,4616525108.71
2026-02-02,19.232287,19.7175877,19.0345719,19.1963388,323679303,3469664024.86
2026-02-03,19.1424165,19.1963388,18.5672453,18.8188827,232654985,2438294229.91
2026-02-04,19.1963388,19.232287,18.8009086,18.9806496,181563270,1919758909.09
2026-02-05,19.0705201,19.1244424,18.5312971,18.9267273,162249636,1699124918.38
2026-02-06,18.513323,19.412028,18.513323,19.3581057,198501991,2106006365.84
2026-02-09,19.2143129,19.3760798,19.1424165,19.3221575,123678826,1325832037.41
2026-02-10,19.3940539,19.6277172,19.2862093,19.3401316,110662936,1195220357.47
2026-02-11,19.3581057,19.5558208,19.1244424,19.5018985,114935658,1240821627.34
2026-02-12,19.5737949,19.9871992,19.4479762,19.8434064,162643191,1786121807.64
2026-02-13,19.412028,19.412028,18.7829345,18.9447014,260460221,2751660344.2
2026-02-24,19.591769,20.2208625,19.591769,19.9332769,325198773,3610426233.41
2026-02-25,20.0231474,20.2927589,19.6456913,19.7535359,250362086,2775460704.55
2026-02-26,19.6277172,19.8793546,19.3760798,19.5737949,135284180,1472181111.52
2026-02-27,19.5558208,19.6996136,19.412028,19.5198726,161376123,1755349381.61
2026-03-02,21.209438,21.4790495,20.3646553,21.4790495,875237463,10222251615.39
2026-03-03,22.1261171,23.6359415,22.108143,23.6359415,917467579,11760287945.85
2026-03-04,24.6065429,24.6065429,21.2813344,23.7977084,1074717349,14020847688.13
2026-03-05,22.7372365,23.6898638,22.0721948,22.8091329,706713624,8952629983.23
2026-03-06,22.2519358,22.7372365,21.6947387,22.108143,510391825,6266539004.23
2026-03-09,24.2290868,24.2290868,23.2045631,23.2225372,817445288,10764000683.33
2026-03-10,21.8924538,22.108143,21.1734898,21.5509459,524362917,6301324489.6
2026-03-11,21.1734898,21.8565056,20.9398265,21.8025833,474054564,5647611584.57
2026-03-12,22.1620653,22.2699099,21.4790495,21.9823243,403531840,4926788540.61
2026-03-13,22.1440912,22.2699099,21.4970236,21.6587905,344813861,4185118566.93
2026-03-16,21.7306869,22.0362466,21.4970236,21.5509459,252780850,3052266702.51
2026-03-17,21.3352567,21.7846092,21.209438,21.6048682,279883778,3341004021.01
2026-03-18,21.3352567,21.4431013,20.8679301,21.3172826,215985694,2542768757.26
2026-03-19,21.748661,22.5035732,21.6947387,22.4316768,543417355,6668172221.05
2026-03-20,21.56892,22.1980135,21.389179,22.0002984,306407816,3722916038.91
2026-03-23,22.0182725,22.3957286,21.2453862,22.1800394,418973920,5119735792.47
2026-03-24,21.56892,21.748661,21.2633603,21.5509459,322591319,3854205760.4
2026-03-25,20.8859042,21.0836193,20.4724999,21.029697,280217565,3246384962.43
2026-03-26,21.029697,21.6228423,20.9937488,21.4610754,273889333,3252415841.51
2026-03-27,21.4610754,21.748661,21.2633603,21.6947387,218320072,2614590740.92
2026-03-30,22.1980135,22.5395214,21.9823243,22.3597804,288820184,3577709368.34
2026-03-31,22.3597804,22.6833142,21.8744797,21.9104279,234200410,2896051115.79
2026-04-01,21.5868941,22.3597804,21.5868941,21.6947387,252735701,3091522058.6
2026-04-02,21.928402,22.2699099,21.8385315,22.1980135,258790147,3176478963.28
2026-04-03,22.1980135,22.3238322,21.8205574,22.1620653,163410345,2007445745.98
2026-04-07,22.108143,22.7911588,21.8385315,22.5754696,178216138,2220324169.68
2026-04-08,21.1195675,21.6947387,20.8679301,21.5329718,357491873,4253588420.03
2026-04-09,21.6048682,21.9643502,21.5868941,21.748661,187144663,2262853270.0
